Literature data from W.P.Abfalterer 2001   
Natural C (n,tot)
MeV        barns        barns (error)
0.75        3.032      0.15596 
0.75102        2.681      0.13132
0.75204       2.7842      0.13257
0.75305       2.8616      0.13082
0.75408        2.856      0.12706
0.7551       2.9733      0.14182 
0.75613        2.943      0.13104
0.75716       2.9503      0.13577
0.75819       3.1201      0.14144
0.75922       3.1306      0.14187
0.76026       2.9564      0.13056
0.76129       3.0068      0.13295
0.76233       2.9694      0.13495
0.76337       2.8381      0.12708
0.76442       2.9138      0.12734
0.76546       2.8909      0.12508
0.76651       2.9843      0.12732
0.76756       2.8123      0.12012
0.76861       3.0088      0.12274
0.76967       2.7145      0.11398
0.77072       2.9396      0.12353
0.77178       3.0321      0.12202
0.77284       2.9032      0.12162
0.77391       2.9258      0.11836
0.77497       2.9651       0.1157
0.77604       3.0211      0.11916
0.77711       2.8876       0.1156
0.77818       2.7578      0.10283
0.77925       2.8919      0.10958
0.78033       2.8966      0.11463
0.78141       3.0007      0.11573
0.78249       2.7311      0.10314
0.78357       2.9491      0.10922
0.78466       2.8573      0.10356
0.78575       2.8266      0.10681
0.78684       2.8851      0.10899
0.78793       2.8623       0.1067
0.78902       2.9482      0.11064
0.79012       3.0026      0.11026
0.79122       2.8438      0.10196
0.79232       2.7552      0.10066
0.79342       2.8732      0.10187
0.79453       2.8674      0.10448
0.79564       2.7906     0.096342
0.79675       2.9568      0.10085
0.79786       2.9206      0.10293
0.79898       2.7669     0.094403
0.80009       2.8349      0.09106
0.80121       2.7137     0.092716
0.80234       2.8463     0.095346
0.80346       2.7604     0.089434
0.80459       2.8733     0.091622
0.80572        2.828     0.090583
0.80685       2.8091     0.091055
0.80798       2.7723      0.09463
0.80912       2.9308     0.094145
0.81026       2.8428     0.087608
0.8114       2.7554     0.087567 
0.81254       2.6175     0.084344
0.81369       2.9397     0.090568
0.81484         2.83     0.086771
0.81599       2.9594     0.091896
0.81714       2.8183     0.086019
0.8183        2.934     0.090716 
0.81946       2.8577     0.083715
0.82062       2.7087     0.081442
0.82178       2.8054     0.084978
0.82294       2.7236     0.080582
0.82411       2.7183     0.081629
0.82528        2.828     0.080872
0.82646       2.8115      0.07841
0.82763       2.7135     0.079182
0.82881        2.786     0.078834
0.82999       2.8492     0.080274
0.83118       2.7778     0.080522
0.83236       2.8315     0.079171
0.83355       2.7434     0.076268
0.83474       2.6666     0.073882
0.83593       2.7882     0.073906
0.83713       2.7029     0.073994
0.83833       2.7381     0.072587
0.83953       2.7963     0.075991
0.84073       2.6768     0.072926
0.84194       2.8189     0.073854
0.84315       2.7679     0.072285
0.84436       2.7469     0.070407
0.84557       2.7422     0.071675
0.84679       2.8914     0.074413
0.84801       2.8291     0.072871
0.84923       2.7638     0.072198
0.85046       2.7879     0.070765
0.85168       2.7926     0.071627
0.85291       2.6769     0.067204
0.85415       2.7674     0.069585
0.85538       2.8125     0.067919
0.85662       2.7271      0.06457
0.85786       2.7926     0.069076
0.8591       2.8346      0.06791 
0.86035       2.8142      0.06944
0.8616       2.7642     0.068437 
0.86285       2.7472     0.066548
0.8641       2.8208     0.068189 
0.86536       2.7335     0.064048
0.86662       2.6677     0.065078
0.86788       2.8104     0.065281
0.86915       2.7092      0.06475
0.87042       2.7711     0.065062
0.87169       2.7985     0.065906
0.87296       2.7261     0.065158
0.87424       2.6495     0.062312
0.87552       2.7162     0.064921
0.8768       2.6948     0.062099 
0.87808        2.755     0.063846
0.87937       2.7824     0.062382
0.88066       2.7664     0.063417
0.88195       2.7893     0.065662
0.88325       2.7869     0.061855
0.88455       2.7265     0.060725
0.88585        2.714     0.059593
0.88716       2.6465     0.060064
0.88846       2.7058     0.059695
0.88977       2.6981     0.059473
0.89109        2.757     0.061278
0.8924       2.6873     0.057888 
0.89372       2.7343      0.06028
0.89504        2.622     0.056809
0.89637       2.6475     0.057306
0.8977       2.7257     0.057457 
0.89903       2.7937     0.059279
0.90036       2.6667     0.056984
0.9017       2.7255     0.057537 
0.90304       2.6449     0.056425
0.90438       2.6369     0.056601
0.90573        2.704     0.057107
0.90708       2.7108     0.056109
0.90843         2.63     0.055822
0.90978       2.7134     0.055495
0.91114        2.649     0.055588
0.9125       2.7429     0.057387 
0.91387       2.7274     0.055907
0.91523       2.6024     0.054678
0.9166       2.5891     0.054817 
0.91798       2.6424     0.055074
0.91935       2.5962     0.054194
0.92073       2.6001     0.054206
0.92212       2.7055     0.054965
0.9235       2.6698     0.054852 
0.92489       2.6462     0.054101
0.92628       2.5915     0.052366
0.92768       2.7829     0.054989
0.92908       2.6867     0.055371
0.93048       2.6284     0.053106
0.93188       2.5261     0.050345
0.93329       2.6308     0.053088
0.9347       2.7125     0.054052 
0.93612       2.5266     0.050944
0.93753       2.6507     0.053842
0.93895       2.6114     0.053354
0.94038       2.6115     0.051948
0.94181       2.6311     0.049469
0.94324       2.5507     0.049769
0.94467       2.5311     0.049751
0.94611       2.5741     0.050267
0.94755        2.559     0.050585
0.94899       2.6759     0.052102
0.95044       2.5829     0.050152
0.95189       2.5989      0.05052
0.95334       2.6374     0.050116
0.9548       2.5982     0.049932 
0.95626       2.5629     0.048985
0.95772       2.6089     0.050143
0.95919       2.6764     0.050697
0.96066       2.6743      0.05017
0.96213       2.4716     0.047924
0.96361       2.5233     0.048873
0.96509       2.6718     0.050622
0.96657       2.5592     0.049126
0.96806       2.5772     0.052072
0.96955       2.5559     0.049328
0.97105       2.7105     0.050789
0.97254       2.6211     0.050086
0.97404       2.5665     0.047913
0.97555       2.5745     0.048437
0.97706       2.6171     0.050342
0.97857       2.5484       0.0478
0.98008       2.5617     0.049532
0.9816        2.598     0.050064 
0.98312       2.5939     0.049531
0.98465        2.618     0.049941
0.98618       2.5625      0.04877
0.98771       2.5168      0.04981
0.98925       2.5715     0.050469
0.99079       2.5463     0.052039
0.99233        2.519     0.049973
0.99388       2.5271     0.049653
0.99543       2.5019      0.05091
0.99698       2.5407     0.051169
0.99854       2.5866     0.053925
1.0001       2.6385     0.054641 
1.0017       2.5744     0.054108 
1.0032       2.5306     0.053314 
1.0048       2.5072     0.053544 
1.0064       2.4045     0.053727 
1.008       2.5141     0.054602  
1.0095       2.5531     0.056874 
1.0111       2.4421      0.05333 
1.0127       2.4444     0.054106 
1.0143       2.5516     0.057255 
1.0159        2.497     0.055904 
1.0175       2.4368     0.053103 
1.0191       2.5655     0.055166 
1.0207       2.4542     0.052481 
1.0224       2.5908     0.053729 
1.024       2.4974     0.052341  
1.0256       2.5563     0.053073 
1.0272        2.548     0.052216 
1.0288       2.4666     0.051048 
1.0305       2.5409     0.050869 
1.0321       2.4742     0.050029 
1.0338       2.4908      0.04955 
1.0354       2.4571     0.048458 
1.0371        2.463     0.047524 
1.0387       2.4264     0.046707 
1.0404       2.4227     0.046209 
1.042       2.4407     0.046436  
1.0437       2.5307     0.047203 
1.0454       2.4615     0.046974 
1.047       2.4372     0.045924  
1.0487       2.5273     0.046297 
1.0504       2.4596     0.045036 
1.0521       2.5819     0.047134 
1.0538       2.4633     0.043834 
1.0555       2.4304     0.043683 
1.0572       2.4298     0.043427 
1.0589       2.4888     0.043282 
1.0606       2.5161     0.044403 
1.0623       2.4112     0.043198 
1.064       2.4076     0.041821  
1.0657        2.451      0.04283 
1.0674       2.4139     0.041675 
1.0692       2.3761     0.041647 
1.0709       2.4891     0.043105 
1.0726       2.5085     0.041948 
1.0744       2.4504      0.04041 
1.0761        2.549     0.042945 
1.0778       2.4781     0.040512 
1.0796       2.4005     0.039393 
1.0814       2.3989     0.039931 
1.0831       2.4391     0.040408 
1.0849       2.4248     0.039964 
1.0867       2.3959     0.039533 
1.0884       2.4462     0.039014 
1.0902       2.3981     0.038354 
1.092       2.3829     0.038348  
1.0938       2.3819      0.03853 
1.0956       2.3714     0.038793 
1.0974       2.3825     0.038611 
1.0991       2.3102     0.038948 
1.101       2.4554     0.040104  
1.1028       2.4073     0.039268 
1.1046       2.3886     0.039751 
1.1064       2.4447     0.039207 
1.1082       2.4034     0.039405 
1.11       2.4156     0.040128  
1.1119       2.3417     0.039763 
1.1137       2.4317     0.041228 
1.1156       2.4462     0.042906 
1.1174       2.3914     0.042876 
1.1192       2.3888     0.044596 
1.1211       2.3758     0.043972 
1.1229       2.3437     0.042481 
1.1248       2.3057     0.042344 
1.1267       2.3874     0.041765 
1.1286       2.3779     0.040163 
1.1304       2.3809     0.039147 
1.1323       2.3533     0.037611 
1.1342       2.3562     0.036421 
1.1361       2.4062     0.036891 
1.138        2.353     0.036472  
1.1399       2.3953     0.035387 
1.1418       2.3506     0.034677 
1.1437       2.3101     0.034257 
1.1456       2.3067     0.034322 
1.1475       2.3467     0.034645 
1.1495       2.3771     0.034108 
1.1514       2.3429     0.033436 
1.1533       2.3635     0.033751 
1.1553       2.4536     0.034943 
1.1572       2.2973     0.033153 
1.1592       2.4076      0.03405 
1.1611       2.3432     0.033099 
1.1631       2.3392     0.032727 
1.165       2.3277     0.032435  
1.167       2.2984      0.03276  
1.169       2.2733     0.032087  
1.171       2.3637     0.032494  
1.1729       2.2905     0.031946 
1.1749       2.3367     0.032218 
1.1769       2.3884      0.03241 
1.1789       2.3637     0.032187 
1.1809       2.2995     0.031422 
1.1829       2.3269     0.031903 
1.1849       2.3339     0.032634 
1.187       2.2837     0.032557  
1.189          2.3     0.033113  
1.191        2.324     0.032359  
1.1931       2.3128     0.031534 
1.1951       2.3587     0.031956 
1.1971       2.2895     0.031386 
1.1992       2.2578     0.031013 
1.2012       2.2787     0.031177 
1.2033       2.2895     0.031273 
1.2054       2.3002     0.031289 
1.2074       2.2781     0.031105 
1.2095       2.3197     0.032142 
1.2116       2.3168     0.032179 
1.2137       2.2994     0.031941 
1.2158       2.3013     0.031282 
1.2179       2.2924     0.031245 
1.22       2.3555      0.03165  
1.2221       2.2864     0.031157 
1.2242       2.2308     0.030542 
1.2263        2.282     0.030462 
1.2285       2.2714     0.030156 
1.2306       2.2653     0.030115 
1.2327       2.2644     0.029888 
1.2349       2.3042     0.029512 
1.237       2.2726     0.029584  
1.2392       2.2557       0.0298 
1.2413        2.302      0.02977 
1.2435       2.2433     0.029464 
1.2457         2.21     0.028592 
1.2478       2.1857     0.028401 
1.25       2.2688     0.029231  
1.2522       2.2553     0.028667 
1.2544        2.259       0.0289 
1.2566       2.2395     0.028641 
1.2588       2.2603      0.02907 
1.261        2.238     0.028667  
1.2632       2.2043      0.02807 
1.2655       2.2062     0.028293 
1.2677       2.2099     0.027987 
1.2699       2.2095     0.028424 
1.2722       2.2059     0.028249 
1.2744       2.2359     0.028736 
1.2767       2.2109     0.028398 
1.2789       2.2515      0.02882 
1.2812       2.2412     0.028453 
1.2835       2.2472     0.028758 
1.2857       2.2309      0.02876 
1.288       2.2455     0.028842  
1.2903         2.27     0.028991 
1.2926       2.1715     0.028792 
1.2949        2.163     0.028552 
1.2972       2.1782     0.028479 
1.2995       2.2334     0.029064 
1.3018       2.2536     0.029229 
1.3042       2.2294     0.029217 
1.3065       2.1416     0.028637 
1.3088       2.2113     0.029463 
1.3112       2.1685     0.029089 
1.3135       2.2574      0.03019 
1.3159       2.1579     0.029182 
1.3183       2.1325     0.029364 
1.3206       2.2129     0.030354 
1.323       2.1755     0.029843  
1.3254       2.1556      0.02937 
1.3278       2.2194     0.029738 
1.3302       2.1527     0.029235 
1.3326       2.1652     0.029111 
1.335       2.1161     0.028914  
1.3374       2.1296     0.028905 
1.3398       2.1468     0.028975 
1.3422       2.1182     0.028997 
1.3447       2.1195     0.028867 
1.3471       2.1598     0.030118 
1.3496       2.1346     0.030543 
1.352       2.1496     0.030996  
1.3545       2.1346     0.031217 
1.357       2.1135     0.030592  
1.3594       2.1647     0.030107 
1.3619       2.1706     0.029635 
1.3644       2.1382     0.028601 
1.3669       2.1002     0.027612 
1.3694       2.1819      0.02789 
1.3719       2.1686     0.027306 
1.3744       2.1448     0.027189 
1.377       2.1144     0.027162  
1.3795       2.1328     0.027033 
1.382       2.1413     0.027182  
1.3846       2.1276     0.026797 
1.3871       2.1449     0.026934 
1.3897        2.083     0.026638 
1.3922       2.0796     0.026845 
1.3948       2.1025     0.026673 
1.3974        2.058      0.02668 
1.4       2.1148     0.027094   
1.4026       2.0293     0.026419 
1.4052       2.0692     0.026937 
1.4078       2.0707     0.026599 
1.4104       2.0859     0.026454 
1.413       2.0756     0.026672  
1.4156        2.094     0.026388 
1.4183       2.0311     0.026029 
1.4209       2.0871     0.026298 
1.4236       2.0563     0.025764 
1.4262       2.0814     0.025933 
1.4289       2.0512      0.02558 
1.4316       2.0299     0.025605 
1.4343       2.1132      0.02565 
1.4369       2.0586     0.025038 
1.4397       2.0679     0.025099 
1.4424       2.0819     0.024945 
1.4451       2.0204     0.024499 
1.4478       2.0351     0.024398 
1.4505       2.0201     0.023878 
1.4533       2.0687     0.024231 
1.456       2.0803     0.023952  
1.4588        2.072      0.02404 
1.4615       2.0629     0.023939 
1.4643       2.0251     0.023777 
1.467       2.0016      0.02362  
1.4698        2.005     0.023275 
1.4726       2.0651     0.023743 
1.4754       2.0416     0.023448 
1.4782       2.0362     0.023305 
1.481         2.03     0.022897  
1.4839       2.0231     0.023054 
1.4867       2.0121     0.022952 
1.4895       2.0423      0.02304 
1.4924       2.0533     0.022912 
1.4952       2.0505     0.022912 
1.4981       1.9917     0.022353 
1.501       1.9935     0.022388  
1.5038       2.0297     0.022509 
1.5067       2.0136     0.022096 
1.5096       2.0258       0.0223 
1.5125        2.012     0.022244 
1.5155       2.0087     0.022173 
1.5184       1.9908     0.021982 
1.5213       1.9923     0.021736 
1.5242       1.9757     0.021684 
1.5272       1.9469      0.02142 
1.5301       1.9843      0.02166 
1.5331       1.9608     0.021593 
1.5361       1.9672      0.02154 
1.5391        2.013     0.021548 
1.5421        1.992     0.021598 
1.5451       1.9755     0.021303 
1.5481       1.9497     0.021079 
1.5511       2.0278     0.021478 
1.5541       1.9402     0.020997 
1.5571       1.9741     0.021219 
1.5602       1.9415     0.021105 
1.5632       1.9612     0.021167 
1.5663        1.959     0.020886 
1.5694       1.9165     0.020709 
1.5724       1.9447     0.020845 
1.5755        1.931     0.020699 
1.5786       1.9029     0.020746 
1.5817       1.9362     0.020868 
1.5848       1.9853     0.021082 
1.588       1.9011     0.020686  
1.5911       1.9062      0.02168 
1.5942       1.9228     0.022671 
1.5974       1.9248     0.022919 
1.6726       1.8567     0.019069 
1.676       1.8617     0.018673  
1.6794        1.825     0.018752 
1.6828       1.8282     0.018624 
1.6862       1.8984     0.018553 
1.6896       1.8159     0.017887 
1.6931       1.8753      0.01853 
1.6965       1.8707     0.018721 
1.7       1.8902     0.018671   
1.7034       1.8684     0.018422 
1.7069        1.841     0.018421 
1.7104       1.8277     0.018322 
1.7139       1.8197      0.01826 
1.7175        1.795     0.018165 
1.721       1.8014     0.018064  
1.7245       1.8331      0.01822 
1.7281       1.8087     0.017997 
1.7316       1.8543     0.018276 
1.7352       1.8248     0.017999 
1.7388       1.8129     0.018099 
1.7424        1.852     0.018112 
1.746        1.825     0.018095  
1.7496       1.8205     0.017806 
1.7532       1.8368     0.018229 
1.7568       1.8172       0.0181 
1.7605       1.8297     0.018105 
1.7642       1.7653     0.017869 
1.7678       1.7743     0.018103 
1.7715       1.7863     0.018225 
1.7752       1.8149     0.018299 
1.7789       1.7921     0.018348 
1.7826       1.7789     0.018389 
1.7863       1.7536     0.018224 
1.7901       1.7739     0.018278 
1.7938       1.7747     0.018015 
1.7976        1.806     0.018074 
1.8014       1.7742     0.017747 
1.8052       1.7749     0.017506 
1.809       1.7912     0.017317  
1.8128       1.7648     0.017104 
1.8166       1.7659     0.016923 
1.8204       1.7342     0.016568 
1.8243       1.7614     0.016651 
1.8281       1.7643     0.016415 
1.832       1.7587     0.016467  
1.8359       1.7417      0.01658 
1.8398       1.7339      0.01663 
1.8437       1.7669     0.016447 
1.8476       1.7625     0.016219 
1.8516       1.7599     0.016157 
1.8555       1.7443     0.015981 
1.8595       1.7684     0.015968 
1.8634       1.7332     0.015775 
1.8674       1.7134     0.015707 
1.8714       1.7299     0.015611 
1.8754       1.7192       0.0156 
1.8795       1.7587     0.015617 
1.8835       1.7401      0.01552 
1.8875       1.7001     0.015269 
1.8916       1.7116     0.015396 
1.8957       1.7123     0.015487 
1.8998       1.7027     0.015327 
1.9039        1.724     0.015465 
1.908       1.7341      0.01548  
1.9121       1.6702     0.015222 
1.9163       1.6943     0.015193 
1.9204       1.6779     0.015032 
1.9246       1.6753     0.014942 
1.9288       1.7041     0.014908 
1.933       1.6862      0.01478  
1.9372       1.6776      0.01463 
1.9414       1.6603     0.014545 
1.9456       1.6785     0.014471 
1.9499       1.6862     0.014413 
1.9542       1.6684     0.014259 
1.9584       1.6992     0.014261 
1.9627       1.6675     0.014161 
1.967       1.6998     0.014061  
1.9714       1.6476     0.013932 
1.9757       1.6706     0.013937 
1.9801       1.6435     0.013866 
1.9844       1.6513     0.013909 
1.9888       1.6638     0.013793 
1.9932       1.6569     0.013743 
1.9976       1.6224      0.01363 
2.002       1.6388     0.013612  
2.0065       1.6185     0.013413 
2.0109         1.66     0.013596 
2.0154       1.6443     0.013472 
2.0199       1.6209     0.013339 
2.0244         1.65     0.013366 
2.0289       1.6851     0.013434 
2.0334       1.6555     0.013326 
2.038       1.6765     0.013345  
2.0425       1.6731     0.013205 
2.0471        1.691     0.013257 
2.0517       1.7201      0.01335 
2.0563       1.7732     0.013544 
2.0609       1.8675      0.01391 
2.0656       2.0027     0.014572 
2.0702       2.3664     0.016171 
2.0749       3.0789     0.020475 
2.0796       3.6904      0.02524 
2.0843       3.2273     0.021624 
2.089        2.571     0.017306  
2.0937       2.1492     0.014985 
2.0984       1.9711     0.014001 
2.1032       1.8853     0.013481 
2.108       1.8328     0.013286  
2.1128       1.7699     0.012933 
2.1176       1.7525     0.012896 
2.1224       1.7346     0.012752 
2.1273       1.7062     0.012552 
2.1321       1.6958     0.012461 
2.137        1.679     0.012353  
2.1419       1.6747      0.01227 
2.1468       1.6591      0.01216 
2.1518       1.6831     0.012179 
2.1567       1.6513     0.012072 
2.1617       1.6631     0.011954 
2.1667       1.6501     0.011908 
2.1717       1.6332     0.011813 
2.1767       1.6357      0.01175 
2.1817       1.6303     0.011654 
2.1868       1.6319     0.011658 
2.1918       1.6334     0.011633 
2.1969       1.6513     0.011634 
2.202       1.6138     0.011452  
2.2071       1.6123     0.011411 
2.2123       1.6252     0.011402 
2.2174       1.6236     0.011357 
2.2226       1.6178     0.011356 
2.2278       1.6239     0.011272 
2.233       1.5809     0.011067  
2.2383       1.6057     0.011071 
2.2435       1.6183     0.011021 
2.2488       1.6173     0.010959 
2.2541       1.5998     0.010805 
2.2594       1.5802     0.010638 
2.2647       1.6014     0.010692 
2.27       1.5939     0.010568  
2.2754       1.5838      0.01039 
2.2808       1.6094     0.010407 
2.2862       1.5977     0.010327 
2.2916       1.5916     0.010223 
2.297        1.578     0.010154  
2.3025       1.5941      0.01015 
2.308       1.5848     0.010046  
2.3134       1.5793    0.0099594 
2.319       1.5854    0.0099308  
2.3245       1.5815    0.0097834 
2.33       1.5825    0.0097352  
2.3356       1.5986    0.0096474 
2.3412       1.5858    0.0096002 
2.3468       1.5655    0.0095023 
2.3525       1.5807    0.0094794 
2.3581       1.5918    0.0094247 
2.3638        1.571    0.0093202 
2.3695       1.5685    0.0092534 
2.3752       1.5713    0.0091581 
2.381       1.5876    0.0091956  
2.3867       1.5776    0.0090433 
2.3925       1.5818    0.0090356 
2.3983       1.5711    0.0089836 
2.4041       1.5664    0.0089179 
2.41        1.568    0.0088466  
2.4158       1.5917    0.0088617 
2.4217        1.589      0.00883 
2.4276       1.5836    0.0087806 
2.4336       1.5883    0.0087144 
2.4395       1.5803    0.0086157 
2.4455       1.5883    0.0085886 
2.4515       1.5823     0.008491 
2.4575       1.5674    0.0084072 
2.4635       1.5825     0.008389 
2.4696       1.5786    0.0083068 
2.4757       1.5785    0.0082682 
2.4818       1.5938    0.0082227 
2.4879       1.5936    0.0081843 
2.4941       1.5979    0.0081514 
2.5003       1.5748    0.0080361 
2.5064       1.5988    0.0080786 
2.5127       1.6242    0.0080993 
2.5189       1.6042    0.0079532 
2.5252       1.5922    0.0078719 
2.5315        1.599    0.0078163 
2.5378       1.6012     0.007751 
2.5441       1.6106    0.0077288 
2.5505       1.6074    0.0076692 
2.5569       1.5975    0.0076188 
2.5633       1.6142    0.0075927 
2.5697       1.6145    0.0075229 
2.5762       1.6312    0.0074965 
2.5827       1.6179      0.00744 
2.5892       1.6055    0.0073734 
2.5957       1.6294    0.0073417 
2.6023        1.632    0.0073066 
2.6089       1.6274    0.0072611 
2.6155       1.6607    0.0072842 
2.6221       1.6532    0.0072225 
2.6288       1.6626    0.0072038 
2.6354       1.6677    0.0071544 
2.6421       1.6626    0.0071174 
2.6489       1.6694     0.007065 
2.6556       1.6731    0.0070409 
2.6624       1.6902     0.007018 
2.6692        1.693    0.0070255 
2.6761       1.7026    0.0069812 
2.6829         1.72    0.0069923 
2.6898       1.7122    0.0069508 
2.6967       1.7073    0.0069325 
2.7037       1.7484    0.0069775 
2.7107       1.7479    0.0069287 
2.7177       1.7692     0.006925 
2.7247        1.786    0.0068993 
2.7318       1.7809    0.0068237 
2.7388       1.7939     0.006815 
2.7459       1.8112    0.0068031 
2.7531       1.8282    0.0068163 
2.7602       1.8608    0.0068642 
2.7674        1.859    0.0068448 
2.7747       1.8888    0.0068845 
2.7819       1.9022    0.0069267 
2.7892       1.9405    0.0069805 
2.7965       1.9833    0.0070455 
2.8038       2.0265    0.0071541 
2.8112       2.1273    0.0074059 
2.8186       2.2946    0.0078348 
2.826       2.1914    0.0075952  
2.8335        2.127     0.007485 
2.8409        2.136    0.0075303 
2.8484       2.1658    0.0076252 
2.856       2.2112    0.0077673  
2.8635       2.2726    0.0079745 
2.8712       2.3137     0.008121 
2.8788       2.3997     0.008416 
2.8865       2.4632    0.0086192 
2.8941       2.5485    0.0089302 
2.9019       2.6307    0.0092094 
2.9096       2.7427    0.0095836 
2.9174       2.8485    0.0099871 
2.9252       2.9585     0.010421 
2.9331       3.0141     0.010684 
2.9409       3.0378       0.0109 
2.9489       2.9594     0.010894 
2.9568       2.8268      0.01062 
2.9648        2.529    0.0096996 
2.9728       2.1541    0.0086176 
2.9808       1.8034    0.0077301 
2.9889       1.5106    0.0070621 
2.997       1.3262      0.00665  
3.001       1.4284     0.024995  
3.0033       1.4058     0.024881 
3.0056       1.3221     0.024146 
3.0079       1.3124     0.023809 
3.0102       1.2556      0.02358 
3.0125       1.2205     0.023203 
3.0148       1.2621     0.023092 
3.0171       1.2201      0.02283 
3.0195       1.2115     0.022474 
3.0218       1.2413     0.022779 
3.0241       1.2182     0.022668 
3.0265       1.2032     0.022468 
3.0288       1.1568     0.022168 
3.0311       1.2045     0.022411 
3.0335       1.2285     0.022265 
3.0358       1.1868     0.022216 
3.0382       1.2427     0.022392 
3.0405       1.3088     0.022686 
3.0429       1.2743      0.02261 
3.0452       1.2809     0.022619 
3.0476        1.291      0.02249 
3.0499       1.3176     0.022851 
3.0523       1.3304     0.022544 
3.0547        1.363     0.022897 
3.057       1.2928     0.022279  
3.0594       1.3285     0.022613 
3.0618       1.3157     0.022532 
3.0641       1.3645     0.022678 
3.0665       1.4349     0.023151 
3.0689       1.3256     0.022555 
3.0713       1.3975     0.022834 
3.0737       1.4332     0.023192 
3.0761       1.4503     0.023162 
3.0784       1.4063     0.023222 
3.0808       1.4836     0.023374 
3.0833       1.4555     0.023308 
3.0856       1.5368     0.023767 
3.088       1.4014     0.022939  
3.0905       1.5462     0.023446 
3.0929       1.5297     0.023607 
3.0953       1.5923     0.023297 
3.0977       1.5325     0.023533 
3.1001       1.4888     0.023136 
3.1025       1.5778     0.023909 
3.1049       1.5669     0.023664 
3.1074       1.5763     0.023321 
3.1098       1.6748     0.023877 
3.1122       1.6387     0.024124 
3.1147       1.6047     0.023544 
3.1171       1.6238     0.023701 
3.1195       1.6623     0.023723 
3.122       1.6649     0.023972  
3.1244       1.6897     0.024009 
3.1269       1.6686     0.023817 
3.1293       1.6863     0.023627 
3.1318       1.6686     0.023934 
3.1343       1.7093     0.023917 
3.1367       1.7502     0.024165 
3.1392        1.734     0.024182 
3.1416       1.7752     0.024313 
3.1441       1.7944     0.024284 
3.1466       1.7845     0.024435 
3.1491       1.7378     0.024023 
3.1515       1.7371     0.024204 
3.154       1.7702     0.024445  
3.1565       1.8164     0.024521 
3.159       1.7744     0.024187  
3.1615        1.819      0.02482 
3.164       1.8582     0.024707  
3.1665       1.8408     0.024595 
3.169       1.8397     0.024615  
3.1715        1.915     0.025093 
3.174        1.866     0.024778  
3.1765       1.8151     0.024735 
3.179       1.8188     0.024447  
3.1815       1.9317     0.025027 
3.184       1.9162     0.024887  
3.1865       1.9857     0.025788 
3.1891        1.963      0.02528 
3.1916       1.9599     0.025205 
3.1941       1.9267     0.025063 
3.1967       1.9646     0.025207 
3.1992       1.9525     0.025202 
3.2017       1.9995     0.025367 
3.2043       1.9722     0.025388 
3.2068       1.9802     0.025458 
3.2094       1.9305     0.025251 
3.2119       2.0182     0.025655 
3.2145       2.0529     0.025905 
3.217       2.0061     0.025796  
3.2196       1.9836     0.025296 
3.2221       2.0692     0.025979 
3.2247       2.0629     0.025889 
3.2273        2.029     0.025691 
3.2298       2.1062     0.026042 
3.2324       2.0418     0.025238 
3.235        2.104     0.026114  
3.2376       2.1102      0.02578 
3.2402       2.1445     0.026087 
3.2427       2.1175     0.025899 
3.2453       2.1004     0.025686 
3.2479       2.0957     0.025867 
3.2505       2.1192     0.025538 
3.2531       2.1981     0.026164 
3.2557       2.1724     0.025793 
3.2583       2.2207     0.025973 
3.2609       2.1472     0.025762 
3.2636        2.253     0.026248 
3.2662       2.2087     0.026105 
3.2688       2.1444     0.025437 
3.2714       2.2701     0.026397 
3.274       2.2146     0.026039  
3.2767       2.2761     0.026072 
3.2793       2.2396     0.026072 
3.2819       2.2339     0.025965 
3.2846       2.2241     0.025786 
3.2872       2.3058     0.026214 
3.2898       2.3027     0.026293 
3.2925       2.2452     0.026031 
3.2951       2.2779     0.026229 
3.2978       2.2819     0.026042 
3.3005       2.2772     0.025863 
3.3031       2.3166     0.025665 
3.3058       2.3743     0.026526 
3.3084       2.3434      0.02634 
3.3111       2.4293     0.026894 
3.3138       2.3529     0.026243 
3.3165       2.3588     0.026267 
3.3191       2.4048     0.026199 
3.3218        2.367     0.026022 
3.3245       2.3349     0.026012 
3.3272       2.4003     0.026483 
3.3299       2.3996     0.026345 
3.3326       2.4142     0.026722 
3.3353       2.3843     0.026256 
3.338       2.4254     0.026591  
3.3407        2.406     0.026372 
3.3434       2.3975      0.02634 
3.3461       2.3932     0.026392 
3.3488       2.4871     0.026755 
3.3515       2.4494     0.026486 
3.3542       2.4493       0.0263 
3.357       2.4643     0.026268  
3.3597       2.5124      0.02669 
3.3624       2.5047      0.02655 
3.3652        2.516     0.026603 
3.3679       2.5143     0.026457 
3.3707        2.533     0.026536 
3.3734       2.4954     0.026449 
3.3761       2.5046     0.026712 
3.3789       2.5126     0.026038 
3.3816       2.5616     0.026803 
3.3844       2.5186     0.026299 
3.3872       2.5815     0.026753 
3.3899       2.5854     0.026853 
3.3927       2.5805     0.026561 
3.3955       2.5993      0.02682 
3.3983       2.5923     0.026352 
3.401       2.5544      0.02624  
3.4038       2.5472     0.026426 
3.4066       2.5622     0.026226 
3.4094       2.5968     0.026575 
3.4122        2.575     0.026411 
3.415       2.5097     0.026198  
3.4178       2.5553      0.02601 
3.4206        2.623     0.026622 
3.4234       2.6006     0.026207 
3.4262       2.6224     0.026638 
3.429       2.5991     0.025984  
3.4318       2.5955     0.026398 
3.4346       2.6857      0.02675 
3.4375       2.6643     0.026696 
3.4403       2.5843     0.026202 
3.4431       2.6221     0.026228 
3.446       2.6119     0.026217  
3.4488        2.649     0.026463 
3.4516       2.6511     0.026254 
3.4545       2.6649     0.026341 
3.4573       2.6412     0.026182 
3.4602       2.6648     0.026271 
3.463       2.6203      0.02601  
3.4659       2.6621     0.026218 
3.4688       2.6408        0.026 
3.4716       2.6802     0.026557 
3.4745       2.6509     0.026056 
3.4774       2.6553     0.026421 
3.4802       2.6957     0.026202 
3.4831       2.6059     0.025518 
3.486       2.6903     0.026096  
3.4889        2.679     0.026066 
3.4918       2.6733     0.026196 
3.4947       2.7408     0.026811 
3.4976       2.6189     0.025814 
3.5005       2.6714      0.02673 
3.5034       2.7175     0.026614 
3.5063       2.6947     0.026999 
3.5092       2.7043     0.027058 
3.5121       2.6374     0.026412 
3.515       2.7092     0.026539  
3.518        2.688     0.026742  
3.5209       2.6845      0.02631 
3.5238       2.6595     0.026242 
3.5268       2.7138     0.026312 
3.5297       2.6568     0.025777 
3.5326       2.7219     0.026089 
3.5356       2.6506     0.025866 
3.5385       2.7262     0.026096 
3.5415       2.6872     0.026031 
3.5444       2.6648     0.025954 
3.5474       2.6855     0.026074 
3.5504       2.7182     0.026249 
3.5533       2.7012     0.026412 
3.5563        2.677     0.026033 
3.5593       2.6106     0.026038 
3.5623       2.6481     0.025979 
3.5652       2.7162     0.026505 
3.5682        2.649     0.026033 
3.5712       2.6352     0.026107 
3.5742       2.6965     0.026288 
3.5772       2.6678     0.026081 
3.5802       2.7162     0.026305 
3.5832       2.6058     0.025543 
3.5862       2.6973     0.025837 
3.5892       2.7041     0.025879 
3.5923       2.6717     0.025717 
3.5953       2.6139     0.025279 
3.5983       2.6851     0.025798 
3.6013       2.6598     0.025139 
3.6044       2.6323     0.025168 
3.6074       2.6341     0.025124 
3.6104          2.7     0.025229 
3.6135       2.6305      0.02471 
3.6165        2.605      0.02469 
3.6196       2.6366     0.024815 
3.6226       2.6301     0.024565 
3.6257       2.5978     0.024475 
3.6288       2.6151     0.024545 
3.6318       2.6431     0.024792 
3.6349       2.5745     0.024275 
3.638       2.6266     0.024675  
3.6411       2.6244     0.024482 
3.6441       2.6463     0.024491 
3.6472       2.6202     0.024326 
3.6503       2.5933     0.023995 
3.6534        2.577     0.023802 
3.6565       2.5925     0.023903 
3.6596       2.5779     0.023803 
3.6627        2.568     0.023884 
3.6658       2.5531      0.02347 
3.6689       2.5557     0.023724 
3.672       2.5369     0.023434  
3.6752       2.6226     0.024005 
3.6783       2.5161     0.023037 
3.6814       2.5517     0.023319 
3.6846       2.5779     0.023573 
3.6877       2.4898     0.022913 
3.6908       2.5256     0.023173 
3.694       2.5551     0.023172  
3.6971       2.4599     0.022887 
3.7003       2.5099     0.022881 
3.7034       2.5262     0.022994 
3.7066       2.5053     0.022825 
3.7098       2.4581     0.022537 
3.7129       2.4737     0.022576 
3.7161        2.527     0.022732 
3.7193       2.4797     0.022431 
3.7225       2.4457     0.022365 
3.7257       2.5113     0.022362 
3.7289       2.4515     0.022135 
3.7321       2.4656     0.022076 
3.7353       2.4487     0.022046 
3.7385       2.4347     0.021861 
3.7417       2.4488     0.021886 
3.7449       2.4456     0.021911 
3.7481       2.4047      0.02186 
3.7513       2.3608     0.021604 
3.7545        2.338     0.021431 
3.7578       2.3826     0.021809 
3.761       2.4127     0.021699  
3.7642       2.3317     0.021453 
3.7675        2.407     0.021994 
3.7707       2.4541     0.022031 
3.774       2.3863     0.021557  
3.7772       2.3981     0.021354 
3.7805       2.3822     0.021173 
3.7837       2.3179      0.02073 
3.787       2.3567     0.020819  
3.7903       2.3097      0.02048 
3.7936       2.3325     0.020477 
3.7968       2.3832     0.020756 
3.8001        2.299     0.020303 
3.8034       2.3362     0.020361 
3.8067       2.3175     0.020336 
3.81       2.3192     0.020351  
3.8133       2.2584     0.019705 
3.8166       2.3179     0.020278 
3.8199       2.2766     0.019931 
3.8232       2.2626     0.019819 
3.8265       2.1957     0.019521 
3.8298       2.2372      0.01971 
3.8332       2.2423      0.01946 
3.8365       2.2396     0.019491 
3.8398       2.2675     0.019548 
3.8432       2.2259     0.019256 
3.8465       2.2491     0.019334 
3.8499       2.2013     0.019133 
3.8532        2.256     0.019297 
3.8566       2.2258     0.019224 
3.8599       2.2232     0.019098 
3.8633       2.1609     0.018825 
3.8667       2.1933     0.019041 
3.87       2.1636     0.018859  
3.8734       2.1858     0.018849 
3.8768        2.169     0.018769 
3.8802       2.1549     0.018521 
3.8836       2.1432     0.018536 
3.887        2.167     0.018557  
3.8904       2.1381      0.01864 
3.8938       2.1232     0.018488 
3.8972       2.1096     0.018323 
3.9006       2.1072     0.018192 
3.904       2.0828     0.018183  
3.9074       2.1756     0.018362 
3.9109       2.1082     0.018215 
3.9143       2.1477     0.018207 
3.9177       2.0398     0.017813 
3.9212       2.0598     0.017823 
3.9246       2.0697      0.01797 
3.9281        2.055     0.017719 
3.9315       2.0303     0.017569 
3.935       2.0679     0.017702  
3.9385       2.0651      0.01768 
3.9419       2.0513     0.017571 
3.9454       2.0056      0.01744 
3.9489       2.0038     0.017493 
3.9524        2.042     0.017433 
3.9558        1.979     0.017226 
3.9594        1.974     0.017175 
3.9628       1.9559     0.017095 
3.9663       1.9781     0.017123 
3.9699       1.9909     0.017013 
3.9734       1.9871     0.016947 
3.9769       1.9333     0.016847 
3.9804       1.9669     0.016997 
3.9839       1.9362     0.016666 
3.9874       1.9149     0.016598 
3.991       1.9524     0.016632  
3.9945       1.9202     0.016604 
3.9981       1.8842     0.016416 
4.0016       1.9106     0.016488 
4.0052       1.9237     0.016484 
4.0087       1.9394     0.016468 
4.0123        1.904     0.016342 
4.0159        1.894      0.01636 
4.0194       1.8758     0.016207 
4.023       1.8736     0.016237  
4.0266        1.895     0.016223 
4.0302       1.8513     0.015998 
4.0338       1.8597     0.016051 
4.0374       1.8798     0.016126 
4.0409         1.87     0.016052 
4.0446       1.8728     0.016087 
4.0482        1.822     0.015798 
4.0518       1.9026      0.01611 
4.0554        1.887     0.015989 
4.059       1.8593     0.015971  
4.0627       1.8274     0.015806 
4.0663       1.8432     0.015767 
4.0699        1.833     0.015597 
4.0736       1.8025      0.01545 
4.0772       1.8107     0.015554 
4.0809        1.831      0.01551 
4.0845       1.8164     0.015421 
4.0882       1.8098     0.015448 
4.0919       1.7873     0.015342 
4.0955       1.8256      0.01551 
4.0992       1.7981     0.015351 
4.1029       1.7874     0.015384 
4.1066       1.8263     0.015395 
4.1103       1.8283     0.015407 
4.114       1.8112     0.015381  
4.1177       1.8393     0.015582 
4.1214       1.8251     0.015392 
4.1251       1.7948     0.015437 
4.1288       1.7862     0.015339 
4.1325       1.7844     0.015442 
4.1363       1.8437     0.015483 
4.14         1.85      0.01564  
4.1438       1.8578     0.015609 
4.1475       1.8462     0.015717 
4.1512       1.8502     0.015783 
4.155       1.9025     0.015961  
4.1588       1.8586     0.015897 
4.1625       1.9112     0.016121 
4.1663        1.904     0.016068 
4.1701        1.882     0.016021 
4.1739       1.9318     0.016243 
4.1776        1.937      0.01636 
4.1814        1.957     0.016464 
4.1852            2     0.016656 
4.189       2.0034     0.016505  
4.1928       2.0374     0.016833 
4.1966       2.0055     0.016731 
4.2004        2.022     0.016728 
4.2043       2.0885     0.017001 
4.2081       2.1118     0.017115 
4.2119        2.149     0.017302 
4.2158       2.0939      0.01707 
4.2196       2.1321     0.017279 
4.2235       2.1339     0.017289 
4.2273       2.1672     0.017344 
4.2312       2.1578     0.017265 
4.235       2.1962     0.017508  
4.2389       2.1879     0.017497 
4.2428       2.2188     0.017488 
4.2467        2.237     0.017557 
4.2505       2.2254     0.017476 
4.2544       2.2267     0.017561 
4.2583       2.2381     0.017549 
4.2622       2.2513     0.017495 
4.2661       2.2421     0.017514 
4.27        2.223     0.017425  
4.274       2.1939     0.017194  
4.2779       2.2302      0.01738 
4.2818       2.1984     0.017225 
4.2857       2.2375     0.017481 
4.2897       2.2131     0.017148 
4.2936       2.2222     0.017272 
4.2976       2.1567     0.017036 
4.3015       2.1874     0.017253 
4.3055       2.1577     0.017023 
4.3095       2.1731     0.017068 
4.3134       2.1552     0.017038 
4.3174       2.1184     0.016814 
4.3214       2.1589     0.016863 
4.3254       2.1202     0.016808 
4.3294       2.0794     0.016409 
4.3334       2.0951      0.01658 
4.3374       2.0573     0.016302 
4.3414        2.038     0.016272 
4.3454       2.0421     0.016158 
4.3494       2.0292     0.016054 
4.3534       2.0088     0.015955 
4.3575        1.989     0.015846 
4.3615       2.0057     0.015792 
4.3656       2.0038     0.015814 
4.3696       1.9715      0.01556 
4.3737       1.9502     0.015439 
4.3777       1.9411     0.015309 
4.3818       1.9347     0.015202 
4.3859       1.8982     0.015131 
4.3899       1.8999     0.015077 
4.394       1.8975     0.015007  
4.3981       1.9086     0.015017 
4.4022       1.8691     0.014812 
4.4063        1.854     0.014706 
4.4104       1.8318     0.014575 
4.4145       1.8358     0.014557 
4.4187       1.8071     0.014466 
4.4228       1.8366      0.01454 
4.4269       1.8414     0.014497 
4.431       1.8324     0.014456  
4.4352       1.7744     0.014239 
4.4393       1.7996     0.014224 
4.4435       1.7806     0.014157 
4.4476       1.7721     0.013967 
4.4518       1.7559     0.013854 
4.456       1.7192     0.013756  
4.4601       1.7217     0.013904 
4.4643       1.7263     0.013723 
4.4685       1.7041     0.013665 
4.4727       1.7082      0.01368 
4.4769       1.6888     0.013591 
4.4811       1.6983     0.013595 
4.4853       1.6962     0.013595 
4.4895       1.7397      0.01365 
4.4938       1.6619     0.013434 
4.498       1.6546     0.013329  
4.5022       1.6481     0.013278 
4.5065       1.6411     0.013231 
4.5107        1.661      0.01334 
4.515       1.6386     0.013388  
4.5192       1.6396     0.013395 
4.5235       1.6203     0.013302 
4.5278       1.6077     0.013259 
4.5321       1.5924      0.01319 
4.5363       1.5852     0.013286 
4.5406       1.5983     0.013164 
4.5449       1.5658      0.01307 
4.5492       1.6004     0.013223 
4.5535        1.576     0.013224 
4.5578       1.5895     0.013255 
4.5622       1.5622     0.013213 
4.5665       1.5579     0.013131 
4.5708       1.5596     0.013259 
4.5752       1.5392     0.013221 
4.5795       1.5402     0.013168 
4.5839       1.5237     0.013128 
4.5882       1.5164     0.013222 
4.5926       1.5128     0.013206 
4.597       1.5093     0.013131  
4.6013       1.4952     0.013006 
4.6057       1.5025     0.013041 
4.6101       1.5316     0.013043 
4.6145       1.4835      0.01294 
4.6189       1.4873     0.012918 
4.6233       1.4957       0.0129 
4.6277       1.4812     0.012834 
4.6321       1.4785     0.012763 
4.6366       1.4651     0.012666 
4.641       1.4892      0.01261  
4.6454       1.4678     0.012559 
4.6499       1.4418     0.012455 
4.6543       1.4445      0.01238 
4.6588       1.4365     0.012279 
4.6633       1.4279     0.012351 
4.6677       1.4251     0.012215 
4.6722       1.4282      0.01228 
4.6767       1.4505     0.012195 
4.6812       1.4347     0.012124 
4.6857       1.4435     0.012077 
4.6902       1.4107     0.011915 
4.6947       1.4065     0.011937 
4.6992       1.4178      0.01191 
4.7037       1.3934     0.011809 
4.7083       1.4101     0.011882 
4.7128       1.4106     0.011812 
4.7174       1.3842     0.011726 
4.7219       1.4149      0.01175 
4.7265       1.3505     0.011566 
4.731       1.3481     0.011491  
4.7356       1.3478      0.01151 
4.7402       1.3285     0.011486 
4.7448       1.3865      0.01156 
4.7493        1.367     0.011567 
4.7539       1.3438     0.011533 
4.7585        1.358     0.011479 
4.7632       1.3561      0.01151 
4.7678        1.354     0.011472 
4.7724       1.3196       0.0114 
4.777        1.369     0.011449  
4.7817       1.3751     0.011464 
4.7863       1.3473     0.011326 
4.7909       1.3296     0.011288 
4.7956       1.3361     0.011329 
4.8003       1.3105     0.011272 
4.805       1.2759     0.011179  
4.8096       1.3025     0.011237 
4.8143       1.3173     0.011341 
4.819       1.3073     0.011214  
4.8237       1.2951     0.011221 
4.8284       1.2862     0.011207 
4.8331       1.3016     0.011195 
4.8378       1.3067     0.011237 
4.8426       1.2945      0.01113 
4.8473       1.3068     0.011139 
4.852       1.2939      0.01109  
4.8568       1.3062     0.011071 
4.8615        1.302     0.011032 
4.8663        1.275     0.011014 
4.8711       1.2832     0.011018 
4.8758       1.2771     0.010945 
4.8806       1.2612     0.010906 
4.8854       1.3166      0.01103 
4.8902       1.2758     0.010892 
4.895       1.2889     0.010933  
4.8998       1.2908     0.010888 
4.9046       1.2865      0.01091 
4.9095       1.2601       0.0109 
4.9143       1.3176     0.010961 
4.9191       1.3165     0.011023 
4.924       1.3648     0.011232  
4.9288       1.3876     0.011199 
4.9337       1.3162     0.011017 
4.9385       1.2967     0.010879 
4.9434       1.2369     0.010694 
4.9483       1.2476      0.01065 
4.9532        1.229      0.01059 
4.9581       1.2207     0.010575 
4.963       1.2172     0.010547  
4.9679       1.2208     0.010524 
4.9728       1.2306     0.010575 
4.9778       1.2155     0.010519 
4.9827       1.1926     0.010484 
4.9876       1.2072     0.010462 
4.9926       1.1883     0.010487 
4.9975       1.1926     0.010483 
5.0025       1.1869     0.010571 
5.0075        1.201     0.010645 
5.0124       1.2079     0.010644 
5.0174       1.2018     0.010699 
5.0224       1.1829     0.010713 
5.0274       1.1869     0.010695 
5.0324        1.184     0.010717 
5.0374       1.1737     0.010675 
5.0425       1.1836     0.010689 
5.0475       1.2139     0.010791 
5.0525       1.1679     0.010636 
5.0576        1.176     0.010639 
5.0626       1.1847     0.010698 
5.0677       1.1791     0.010675 
5.0728       1.1624     0.010627 
5.0778       1.1564     0.010612 
5.0829       1.1492     0.010664 
5.088       1.1214     0.010592  
5.0931       1.1697     0.010701 
5.0982       1.1451     0.010702 
5.1033       1.1592     0.010816 
5.1084       1.1284     0.010779 
5.1136       1.1461     0.010828 
5.1187       1.1415     0.010799 
5.1238       1.1346     0.010787 
5.129       1.1105     0.010689  
5.1342       1.1408     0.010677 
5.1393       1.1105     0.010602 
5.1445       1.1426     0.010688 
5.1497       1.1419     0.010625 
5.1549        1.128     0.010582 
5.1601       1.1281     0.010553 
5.1653        1.137     0.010604 
5.1705       1.1289     0.010579 
5.1757        1.116     0.010545 
5.181        1.122     0.010497  
5.1862       1.1407     0.010538 
5.1915       1.1092     0.010529 
5.1967       1.1246     0.010522 
5.202       1.1129     0.010481  
5.2072       1.0763     0.010509 
5.2125       1.1133     0.010598 
5.2178        1.088     0.010658 
5.2231       1.0799     0.010816 
5.2284       1.1145      0.01106 
5.2337        1.071     0.011057 
5.239       1.0995     0.011197  
5.2444       1.0704     0.011211 
5.2497       1.0858     0.011381 
5.255       1.1007     0.011389  
5.2604       1.0626      0.01133 
5.2657       1.0708     0.011335 
5.2711       1.0783     0.011367 
5.2765       1.0469     0.011265 
5.2819       1.0553     0.011296 
5.2873       1.0651     0.011289 
5.2927       1.0567     0.011293 
5.293        1.059     0.003346  
5.2981       1.0731     0.011242 
5.3035       1.0631     0.011278 
5.3089       1.1403     0.011432 
5.3144       1.1347     0.011437 
5.3198       1.1567     0.011465 
5.3253        1.176     0.011636 
5.3307       1.2543     0.011864 
5.3362       1.3293     0.012196 
5.3417       1.4757     0.012843 
5.346        1.335     0.003872  
5.3472       1.5881      0.01332 
5.3527       1.6773      0.01373 
5.3582        1.708     0.013875 
5.3637       1.6658     0.013676 
5.3692       1.5738      0.01329 
5.3747       1.5177     0.012959 
5.3802        1.432     0.012563 
5.3858       1.3616     0.012389 
5.3913       1.3201     0.012098 
5.3969       1.3088     0.012033 
5.399        1.312     0.003759  
5.4025       1.2611     0.011785 
5.4081       1.2166     0.011685 
5.4137       1.2114     0.011618 
5.4192       1.2097     0.011569 
5.4248       1.1845      0.01155 
5.4305       1.2019     0.011449 
5.4361       1.1783      0.01137 
5.4417       1.1676     0.011389 
5.4474       1.1625     0.011278 
5.453       1.1539     0.011289  
5.454        1.175     0.003479  
5.4587       1.1484     0.011274 
5.4643       1.1117     0.011148 
5.47       1.1267     0.011128  
5.4757       1.0975     0.011092 
5.4814       1.1331     0.011178 
5.4871       1.1127     0.011158 
5.4928       1.1205     0.011095 
5.4985        1.116     0.011025 
5.5043        1.082     0.010985 
5.509        1.109     0.003363  
5.51        1.114     0.011041  
5.5157       1.1057     0.011003 
5.5215       1.1057     0.010982 
5.5273       1.0943     0.010967 
5.533       1.1092     0.010964  
5.5388       1.0848     0.010967 
5.5446       1.0963     0.010991 
5.5504       1.1012     0.011028 
5.5562        1.083       0.0109 
5.562       1.0856     0.010984  
5.564        1.086     0.003335  
5.5679       1.0958     0.010962 
5.5737       1.0674     0.010903 
5.5796       1.0796     0.010941 
5.5854       1.0774     0.010918 
5.5913       1.0821     0.010879 
5.5972       1.1013     0.010944 
5.6031       1.0825     0.010835 
5.609       1.0768     0.010768  
5.6149       1.0867     0.010806 
5.62        1.075      0.00332  
5.6208       1.0767     0.010804 
5.6267       1.0875     0.010783 
5.6326       1.0761     0.010732 
5.6386       1.0717      0.01073 
5.6445       1.0766     0.010726 
5.6505       1.0982     0.010742 
5.6564       1.0654     0.010622 
5.6624       1.0452     0.010584 
5.6684       1.0521      0.01063 
5.6744       1.0906     0.010697 
5.676        1.064      0.00328  
5.6804       1.0764     0.010624 
5.6864       1.0624     0.010554 
5.6925       1.0784     0.010604 
5.6985       1.0595      0.01057 
5.7045       1.0766     0.010554 
5.7106       1.0831     0.010545 
5.7167       1.0689     0.010492 
5.7227       1.0852     0.010509 
5.7288       1.0668     0.010454 
5.733        1.065     0.003236  
5.7349       1.0814     0.010444 
5.741       1.0457     0.010392  
5.7471       1.0504     0.010384 
5.7533       1.0661     0.010427 
5.7594       1.0536     0.010338 
5.7655       1.0823     0.010397 
5.7717        1.055     0.010348 
5.7779       1.0771     0.010345 
5.784         1.07     0.010327  
5.7902       1.0695     0.010308 
5.791        1.059     0.003202  
5.7964        1.075     0.010304 
5.8026       1.0791     0.010346 
5.8088       1.0802     0.010351 
5.815       1.0512     0.010209  
5.8213       1.0665      0.01024 
5.8275       1.0909     0.010348 
5.8338       1.1033     0.010312 
5.84       1.0839     0.010266  
5.8463        1.062     0.010182 
5.849        1.061     0.003191  
5.8526       1.0905     0.010315 
5.8589       1.0808     0.010257 
5.8652       1.0807     0.010257 
5.8715       1.0663     0.010233 
5.8778        1.072     0.010249 
5.8842       1.0936     0.010339 
5.8905       1.0739     0.010382 
5.8969       1.0716     0.010372 
5.9032        1.085     0.010396 
5.908        1.069     0.003226  
5.9096       1.0963     0.010396 
5.916       1.0716     0.010333  
5.9224       1.1105     0.010403 
5.9288       1.0804     0.010344 
5.9352       1.0974      0.01032 
5.9416       1.0844     0.010312 
5.9481       1.0787     0.010246 
5.9545       1.0795      0.01025 
5.961       1.0759     0.010205  
5.967        1.079     0.003217  
5.9675       1.0995     0.010311 
5.9739       1.0801     0.010267 
5.9804       1.1268     0.010411 
5.9869       1.0917     0.010259 
5.9934       1.1082     0.010327 
6       1.0828     0.010302
6.0065       1.0969     0.010367 
6.013       1.0967     0.010402  
6.0196       1.0922      0.01053 
6.0262       1.0904     0.010648 
6.027        1.092     0.003212  
6.0327       1.0891      0.01073 
6.0393       1.1196     0.010872 
6.0459       1.1028     0.011021 
6.0525       1.1341     0.011209 
6.0592        1.046     0.011334 
6.0658       1.0644     0.011717 
6.0724       1.0702     0.012551 
6.0791       1.0943     0.013874 
6.0858       1.1573     0.015799 
6.088        1.116     0.003239  
6.0924       1.2407     0.018146 
6.0991       1.2869     0.019914 
6.1058       1.2093     0.021165 
6.1125       1.2532     0.022438 
6.1192       1.1914     0.022994 
6.126       1.2346     0.023668  
6.1327       1.1596     0.023414 
6.1395       1.1906     0.023833 
6.1462       1.1747     0.023928 
6.149        1.156       0.0033  
6.153       1.2067     0.023963  
6.1598       1.1809     0.023943 
6.1666       1.2112      0.02452 
6.1734       1.2186     0.024296 
6.1802        1.286     0.024703 
6.187       1.3269     0.025038  
6.1939        1.385     0.025276 
6.2007       1.3951     0.025352 
6.2076       1.4171     0.025617 
6.211        1.312     0.003559  
6.2145       1.4583     0.026178 
6.2214       1.5678     0.026999 
6.2283       1.6027     0.027101 
6.2352       1.7341     0.028514 
6.2421       1.8994     0.029869 
6.249       1.9956     0.030899  
6.256       2.1691     0.032276  
6.2629       2.2438     0.033747 
6.2699       2.4278     0.035229 
6.273        2.015      0.00527  
6.2769       2.3955     0.035148 
6.2839       2.3207     0.034013 
6.2909       2.1768     0.032461 
6.2979       1.9537     0.030502 
6.3049       1.8181     0.029322 
6.312       1.6793     0.028018  
6.319       1.6336     0.027606  
6.3261        1.536     0.026687 
6.3332       1.5559     0.026633 
6.336        1.693     0.004366  
6.3403       1.4803     0.026578 
6.3474       1.4575     0.025834 
6.3545       1.3824     0.025158 
6.3616        1.289      0.02475 
6.3687       1.1809     0.023917 
6.3759       1.2125      0.02382 
6.383       1.1948     0.023866  
6.3902       1.1418     0.023703 
6.3974       1.1467      0.02354 
6.4        1.213     0.003375   
6.4046       1.1453     0.023339 
6.4118       1.0786     0.023332 
6.419       1.1397     0.023443  
6.4262       1.0878      0.02356 
6.4335       1.0785     0.023771 
6.4408        1.056     0.023746 
6.448       1.1495     0.024515  
6.4553        1.023     0.023806 
6.4626       1.0837      0.02425 
6.464        1.063     0.003093  
6.4699       1.0447      0.02365 
6.4772       1.0127     0.024058 
6.4846      0.92765      0.02332 
6.4919       1.0345     0.023776 
6.4993       1.0377     0.023854 
6.5066      0.95951     0.023408 
6.514       0.9874     0.023564  
6.5214      0.93301     0.023233 
6.5288      0.90585     0.022919 
6.529       0.9359     0.002927  
6.5362      0.82172     0.022299 
6.5437      0.78856      0.02206 
6.5511      0.73318     0.021674 
6.5586      0.75072     0.021304 
6.566      0.71026     0.021179  
6.5735      0.75006     0.021296 
6.581       0.7093     0.020978  
6.5885      0.79833     0.021306 
6.595        0.765       0.0027  
6.596      0.70892     0.020581  
6.6036      0.71037     0.020667 
6.6111      0.78704     0.020978 
6.6187      0.79724     0.021392 
6.6263      0.76821     0.021458 
6.6339      0.86451     0.021835 
6.6415      0.78193     0.021661 
6.6491      0.87606     0.022098 
6.6567      0.79269     0.021688 
6.661       0.8042     0.002727  
6.6643      0.76478     0.021487 
6.672        0.805     0.021574  
6.6796      0.80531     0.021698 
6.6873      0.80433     0.021494 
6.695      0.86423     0.021795  
6.7027      0.72115     0.021072 
6.7105      0.80202     0.021419 
6.7182      0.78813     0.021678 
6.7259      0.76437     0.021248 
6.728       0.8059     0.002724  
6.7337      0.80884     0.021471 
6.7415      0.82474     0.021564 
6.7492      0.75417     0.021161 
6.7571      0.75662      0.02137 
6.7649      0.77764     0.021334 
6.7727      0.75483     0.020987 
6.7805      0.83948     0.021603 
6.7884      0.76954      0.02143 
6.796       0.7789     0.002702  
6.7963      0.77442     0.021267 
6.8041      0.71174     0.021025 
6.812      0.73509       0.0211  
6.82      0.77436     0.021193  
6.8279      0.77798     0.020951 
6.8358      0.77391     0.020932 
6.8438      0.75834     0.020995 
6.8517      0.72398      0.02083 
6.8597       0.7762     0.021082 
6.864       0.7582      0.00266  
6.8677       0.7528     0.020627 
6.8757      0.76397      0.02081 
6.8837       0.7174     0.020378 
6.8918      0.75729     0.020821 
6.8998      0.72321     0.020707 
6.9079      0.74867     0.020758 
6.9159      0.74041       0.0205 
6.924      0.76657     0.020628  
6.9321      0.73055     0.020457 
6.933       0.7374     0.002625  
6.9403      0.76975     0.020687 
6.9484      0.72886     0.020362 
6.9566      0.71736     0.020324 
6.9647      0.73653     0.020522 
6.9729      0.71531     0.020413 
6.9811      0.69737     0.020294 
6.9893      0.73137     0.020379 
6.9975      0.71989     0.020378 
7.003       0.7216     0.002612  
7.0058      0.80143     0.020576 
7.014      0.74804     0.020316  
7.0223      0.71107     0.020064 
7.0306      0.68034     0.020318 
7.0388      0.73653     0.020159 
7.0472      0.71887     0.020327 
7.0555      0.67148     0.020158 
7.0638      0.71201     0.020206 
7.0722      0.77226     0.020618 
7.073       0.7182     0.002619  
7.0806      0.72963     0.020147 
7.0889       0.7503     0.020242 
7.0973      0.78785     0.020527 
7.1057      0.72526     0.020292 
7.1142      0.75545     0.020399 
7.1226      0.72762     0.020321 
7.1311      0.76266     0.020583 
7.1396      0.77474     0.020425 
7.144       0.7456     0.002671  
7.148      0.77674     0.020514  
7.1565      0.77157     0.020743 
7.1651       0.7887     0.020618 
7.1736       0.8483     0.021162 
7.1821      0.86853     0.021084 
7.1907       0.8772     0.021306 
7.1993      0.89325     0.021351 
7.2079      0.91314     0.021542 
7.216       0.8628      0.00285  
7.2165      0.97939      0.02186 
7.2251      0.99247     0.022088 
7.2338       1.0706     0.022381 
7.2424       1.1391     0.022708 
7.2511       1.1515       0.0231 
7.2598        1.244     0.023575 
7.2685       1.2965     0.024205 
7.2772       1.4016     0.025243 
7.286       1.4905     0.025693  
7.289        1.227     0.003416  
7.2947       1.5227     0.026144 
7.3035       1.5815     0.026622 
7.3123       1.7035     0.027551 
7.3211       1.6966      0.02766 
7.3299       1.7192     0.027804 
7.3387       1.7894     0.028432 
7.3476       1.7891     0.028415 
7.3564       1.8188     0.028557 
7.362        1.683     0.004318  
7.3653       1.8239     0.028554 
7.3742       1.7522     0.028238 
7.3831       1.8283     0.028344 
7.392       1.7949     0.027835  
7.401       1.8025       0.0281  
7.41       1.7636     0.027787  
7.4189       1.7561     0.027712 
7.4279       1.7601     0.027786 
7.436         1.78     0.004523  
7.437       1.8501     0.028047  
7.446       1.8296     0.027583  
7.455       1.7929     0.027312  
7.4641       1.8506     0.027496 
7.4732       1.7282     0.026925 
7.4823       1.7528     0.026581 
7.4914       1.7973     0.027301 
7.5005       1.7664      0.02693 
7.5096       1.7702     0.026646 
7.51        1.767     0.004457  
7.5188       1.7345     0.026314 
7.528        1.767     0.026371  
7.5372       1.7508     0.026517 
7.5464       1.7787     0.026576 
7.5556       1.6761     0.025884 
7.5648       1.6945     0.026056 
7.5741       1.7329     0.025584 
7.5834       1.7045     0.026132 
7.586         1.73      0.00435  
7.5927       1.7353     0.025947 
7.602       1.8724     0.026747  
7.6113       1.8298     0.026553 
7.6207       1.8348     0.026807 
7.6301       1.8277     0.027031 
7.6394       1.8329     0.027375 
7.6488       1.8964     0.028274 
7.6582       2.0085     0.030158 
7.662        1.841     0.004605  
7.6677       2.0814     0.031728 
7.6771       2.1269     0.032506 
7.6866       2.2036     0.033956 
7.6961        2.307     0.035685 
7.7056       2.3564     0.036573 
7.7151       2.3179     0.036092 
7.7247       2.3977     0.036453 
7.7342       2.3123     0.035914 
7.739        2.212      0.00576  
7.7438       2.2661     0.035978 
7.7534       2.1397     0.034367 
7.763       2.1472     0.034283  
7.7726       2.1272     0.033682 
7.7823       2.1377     0.033796 
7.792       2.1553     0.033974  
7.8016       2.1642      0.03358 
7.8113       2.0924     0.033432 
7.817        2.138     0.005539  
7.8211       2.1007     0.033003 
7.8308       2.0356     0.032548 
7.8406       2.0201     0.032711 
7.8503       2.0934     0.033355 
7.8601       1.9795        0.032 
7.8699        1.948     0.031385 
7.8798       2.0065      0.03205 
7.8896       1.9457     0.031425 
7.896        1.988     0.005103  
7.8995       1.9332     0.031278 
7.9094       1.9556     0.031454 
7.9193       1.9549     0.031054 
7.9292       1.9038     0.030311 
7.9392       1.9489      0.03043 
7.9491       1.9539     0.030461 
7.9591       1.9536     0.030055 
7.9691       1.8448     0.029383 
7.975        1.914     0.004826  
7.9791       1.9594     0.030322 
7.9892       1.8831      0.02958 
7.9992       1.9079     0.029859 
8.0093       1.9151     0.029626 
8.0194       1.9769     0.030005 
8.0295       1.9549     0.030186 
8.0396       1.8974     0.029451 
8.0498       1.9102     0.029369 
8.055        1.925     0.004823  
8.0599       1.9208     0.029332 
8.0701       1.8838      0.02905 
8.0803       1.9294     0.029249 
8.0906       1.8723     0.028899 
8.1008       1.8812     0.028332 
8.1111       1.7484     0.027774 
8.1214        1.736     0.027181 
8.1317       1.6526     0.026368 
8.136        1.786     0.004473  
8.142        1.666     0.026372  
8.1524       1.6574     0.026411 
8.1627       1.5624     0.025559 
8.1731       1.5132     0.025006 
8.1835       1.4497     0.024457 
8.194       1.3799     0.024038  
8.2044       1.3672     0.023687 
8.2149       1.3133     0.023367 
8.218        1.478     0.003838  
8.2254        1.335     0.023387 
8.2359       1.2824      0.02301 
8.2464       1.3421       0.0232 
8.257       1.1968     0.022328  
8.2675        1.184     0.022264 
8.2781       1.2385      0.02238 
8.2887       1.2555      0.02243 
8.2993       1.2664     0.022587 
8.3        1.263     0.003438   
8.31       1.1368     0.021749  
8.3207       1.1561     0.021516 
8.3314       1.1593     0.021713 
8.3421       1.1844      0.02155 
8.3528       1.1423     0.021269 
8.3636       1.1216     0.021161 
8.3743        1.145     0.021409 
8.384        1.161     0.003257  
8.3851       1.1141     0.021217 
8.396       1.1443     0.021099  
8.4068       1.0927     0.020909 
8.4176       1.1328     0.020956 
8.4285       1.0842     0.020885 
8.4394       1.0595      0.02061 
8.4503       1.0975     0.021044 
8.4613       1.0652     0.020546 
8.468        1.105     0.003175  
8.4723       1.0315     0.020519 
8.4832       1.1246     0.020884 
8.4943       1.0883     0.020511 
8.5053       1.0535     0.020431 
8.5163       1.0988     0.020667 
8.5274       1.0208     0.020209 
8.5385       1.0826     0.020411 
8.5496       1.0609     0.020465 
8.553        1.069     0.003126  
8.5608       1.0879     0.020551 
8.5719       1.0857     0.020519 
8.5831       1.0287     0.020373 
8.5943       1.0374     0.020326 
8.6055       1.0672      0.02027 
8.6168       1.0813     0.020505 
8.628       1.0508     0.020124  
8.639        1.053     0.003119  
8.6393       1.0455     0.020275 
8.6507       1.0526     0.020335 
8.662       1.0726     0.020464  
8.6734       1.0566     0.020084 
8.6847       1.0125     0.020002 
8.6961       1.0404     0.020055 
8.7076       1.1088     0.020292 
8.719        1.083     0.020404  
8.726        1.049     0.003131  
8.7305       1.0732     0.020217 
8.742       1.0668      0.02024  
8.7535       1.0678      0.02023 
8.765       1.0302      0.02002  
8.7766       1.0051     0.020082 
8.7882       1.0758     0.020151 
8.7998       1.0797      0.02014 
8.8114       1.0312     0.020025 
8.814        1.054     0.003146  
8.8231         1.07     0.019859 
8.8348       1.0698     0.020238 
8.8465       1.0711     0.020232 
8.8582       1.1104       0.0202 
8.87        1.074      0.02018  
8.8817       1.0477     0.020114 
8.8935       1.1105     0.020406 
8.902         1.07     0.003166  
8.9053       1.1353     0.020451 
8.9172       1.0827     0.020267 
8.9291       1.0667     0.020223 
8.941       1.1747     0.020841  
8.9529       1.1489     0.020675 
8.9648       1.0883     0.020667 
8.9768       1.1469      0.02078 
8.9888       1.1718      0.02108 
8.992        1.117     0.003247  
9.0008       1.1718     0.021196 
9.0128        1.155      0.02107 
9.0249        1.199     0.021358 
9.037       1.2078     0.021336  
9.0491       1.2116     0.021489 
9.0612       1.2879     0.021787 
9.0733       1.2546     0.022066 
9.082        1.206     0.003411  
9.0855       1.2517     0.022083 
9.0977       1.2671     0.022416 
9.11       1.2586     0.022605  
9.1222       1.3159      0.02306 
9.1345        1.248     0.023499 
9.1468       1.3109     0.023568 
9.1592       1.3083     0.023968 
9.1715       1.2533     0.023648 
9.173        1.296     0.003561  
9.1839       1.3199     0.024243 
9.1963       1.3561     0.024369 
9.2087       1.3695       0.0244 
9.2212       1.2586     0.024004 
9.2337        1.292     0.023933 
9.2462       1.3739     0.024751 
9.2587       1.3368      0.02435 
9.266        1.322     0.003611  
9.2713       1.2703     0.024107 
9.2839       1.3188     0.024425 
9.2965       1.2477     0.024057 
9.3091       1.2972     0.024175 
9.3218       1.2893     0.024322 
9.3345       1.2924     0.023963 
9.3472       1.3501     0.024463 
9.359        1.295     0.003581  
9.3599       1.2636     0.024049 
9.3727       1.2519     0.024099 
9.3855       1.2643     0.024152 
9.3983       1.2418     0.024078 
9.4111       1.2771     0.024292 
9.424        1.238     0.024122  
9.4369       1.2413     0.024177 
9.4498       1.2002     0.023896 
9.453         1.25     0.003517  
9.4628       1.2848     0.024322 
9.4758       1.2378     0.024266 
9.4888       1.2641     0.024194 
9.5018       1.1943     0.024231 
9.5149       1.1831     0.024458 
9.528       1.2455     0.024964  
9.5411       1.1853     0.025229 
9.548        1.229     0.003484  
9.5542       1.2628     0.026112 
9.5674       1.2043     0.025911 
9.5806       1.1801     0.025655 
9.5938       1.2239     0.026512 
9.6071       1.2027      0.02633 
9.6203       1.2059     0.026552 
9.6336       1.1523     0.026633 
9.644        1.226     0.003488  
9.647       1.2381     0.026974  
9.6603       1.1915     0.026552 
9.6737       1.2455     0.026675 
9.6872       1.2544     0.026824 
9.7006       1.1997     0.026721 
9.7141       1.3269     0.027161 
9.7276       1.2263     0.026893 
9.741         1.23     0.003514  
9.7411       1.2466     0.027079 
9.7547       1.2313     0.026784 
9.7683       1.2211     0.026795 
9.7819       1.2102     0.026894 
9.7955       1.2009      0.02665 
9.8092       1.2148     0.027212 
9.8229       1.1784       0.0264 
9.8366       1.1761     0.026587 
9.838        1.216     0.003493  
9.8504       1.1729     0.026655 
9.8642       1.2418      0.02697 
9.878        1.122     0.026492  
9.8918       1.1617     0.026272 
9.9057       1.1333     0.026143 
9.9196       1.1844     0.026559 
9.9336       1.1946     0.026621 
9.937        1.177     0.003447  
9.9475        1.163     0.026715 
9.9615        1.133      0.02616 
9.9755       1.2339     0.026665 
9.9896       1.1445     0.026269 
10.004       1.1089     0.026174 
10.018       1.0825      0.02603 
10.032         1.12     0.025967 
10.04        1.149     0.003428  
10.046       1.0836     0.026135 
10.06       1.1464     0.025961  
10.075       1.1476      0.02608 
10.089       1.1179     0.026436 
10.103       1.1618     0.026517 
10.118       1.1516     0.025643 
10.132       1.0536     0.025835 
10.14        1.129     0.003414  
10.146       1.0353     0.025674 
10.161       1.1233     0.026264 
10.175       1.1106     0.026065 
10.19       1.1048     0.025841  
10.204       1.1627     0.025863 
10.219        1.124     0.025883 
10.233       1.0913      0.02592 
10.24        1.114     0.003402  
10.248       1.1633     0.025831 
10.262       1.0768     0.025372 
10.277       1.1239     0.025936 
10.292       1.1263      0.02569 
10.307        1.152     0.025564 
10.321       1.1294     0.025943 
10.336       1.0703       0.0255 
10.34        1.118     0.003419  
10.351       1.1387     0.025961 
10.366       1.1191     0.025944 
10.381       1.1423     0.026088 
10.396       1.2033     0.026116 
10.411       1.2079     0.026268 
10.425       1.1742     0.026651 
10.441       1.1502     0.026629 
10.45        1.159      0.00349  
10.456       1.1935     0.026775 
10.471        1.224     0.027438 
10.486       1.2249     0.027039 
10.501       1.2206     0.027167 
10.516       1.2557     0.028267 
10.531       1.2754     0.028203 
10.547       1.2394     0.028898 
10.55        1.223     0.003605  
10.562       1.1998     0.029263 
10.577       1.3219     0.031358 
10.593       1.3455     0.033207 
10.608       1.2734     0.033241 
10.623       1.3003     0.033337 
10.639       1.3062     0.034439 
10.654       1.3702     0.034982 
10.66         1.29     0.003738  
10.67       1.3084     0.034761  
10.685       1.4004     0.035303 
10.701       1.4124     0.035172 
10.717       1.3825     0.035734 
10.732       1.2905     0.034696 
10.748       1.4262     0.035182 
10.764       1.4672     0.036283 
10.77        1.349     0.003874  
10.78       1.3355     0.034913  
10.795       1.4088     0.035755 
10.811       1.3975      0.03548 
10.827        1.361     0.035155 
10.843       1.4418     0.035249 
10.859       1.4283     0.035709 
10.87        1.401      0.00399  
10.875       1.4072     0.035042 
10.891       1.4754     0.036721 
10.907       1.4218     0.036302 
10.923       1.4246     0.035357 
10.939       1.3949     0.035172 
10.955       1.5236     0.036243 
10.971       1.3621     0.035501 
10.98        1.426     0.004058  
10.988       1.4371      0.03604 
11.004       1.4258     0.035957 
11.02       1.4684     0.036181  
11.036       1.4545     0.036339 
11.053       1.4657     0.036199 
11.069       1.4319     0.036469 
11.086       1.3913     0.035996 
11.09        1.421     0.004076  
11.102       1.3561     0.035886 
11.119       1.4494     0.037049 
11.135       1.2978     0.036376 
11.152        1.398     0.037338 
11.168       1.4536     0.038118 
11.185       1.4055     0.038139 
11.2        1.414     0.004069  
11.32        1.399     0.004056  
11.43        1.381     0.004039  
11.55        1.351     0.003998  
11.66        1.332     0.003982  
11.78        1.342     0.004018  
11.9        1.385     0.004134  
12.02        1.457     0.004318  
12.14        1.473     0.004363  
12.26        1.403     0.004225  
12.38        1.352     0.004128  
12.51        1.347     0.004131  
12.63        1.355     0.004166  
12.76        1.374     0.004225  
12.89          1.4     0.004307  
13.02         1.41     0.004344  
13.15        1.397     0.004341  
13.28        1.386     0.004323  
13.41         1.39     0.004341  
13.55        1.395     0.004359  
13.69        1.365     0.004318  
13.82        1.307     0.004213  
13.96        1.287     0.004185  
14.1        1.298      0.00421  
14.24          1.3     0.004234  
14.39        1.308     0.004242  
14.53        1.335     0.004313  
14.68        1.383     0.004433  
14.82        1.402     0.004505  
14.97        1.416     0.004544  
15.12        1.432     0.003563  
15.28        1.444     0.003592  
15.43         1.46     0.003629  
15.58        1.488     0.003689  
15.74        1.509     0.003738  
15.9        1.519     0.003765  
16.06        1.518     0.003762  
16.22        1.494     0.003715  
16.38        1.467     0.003669  
16.55        1.443     0.003627  
16.72        1.419     0.003583  
16.88        1.407      0.00356  
17.05        1.397     0.003551  
17.22        1.395     0.003549  
17.4        1.396     0.003542  
17.57        1.408     0.003546  
17.75        1.411     0.003549  
17.93        1.422     0.003557  
18.11        1.442     0.003582  
18.29         1.45     0.003591  
18.47        1.452     0.003586  
18.66        1.463     0.003602  
18.85        1.472     0.003611  
19.04        1.481     0.003622  
19.23        1.503     0.003651  
19.42        1.522     0.003673  
19.62        1.534     0.003666  
19.81        1.523     0.003622  
20.01        1.503     0.003571  
20.21        1.481     0.003527  
20.42        1.452      0.00347  
20.62        1.432     0.003417  
20.83        1.419     0.003385  
21.04        1.421     0.003373  
21.25        1.421     0.003354  
21.46        1.419     0.003336  
21.68        1.408     0.003312  
21.9        1.399     0.003284  
22.12        1.393     0.003254  
22.34        1.397     0.003239  
22.56        1.398     0.003227  
22.79        1.397     0.003221  
23.02        1.404     0.003218  
23.25        1.409     0.003221  
23.48         1.41     0.003214  
23.72        1.411     0.003201  
23.96        1.409     0.003185  
24.2        1.405     0.003171  
24.44        1.396     0.003158  
24.69        1.389     0.003141  
24.94        1.382     0.003124  
25.19        1.376     0.003109  
25.44        1.373     0.003093  
25.7        1.369     0.003073  
25.95        1.361     0.003051  
26.21        1.353     0.003027  
26.48        1.347      0.00301  
26.74        1.349        0.003  
27.01        1.347     0.002985  
27.28        1.345     0.002966  
27.56         1.34     0.002954  
27.84        1.331     0.002935  
28.12        1.327     0.002917  
28.4         1.32     0.002899  
28.68         1.31     0.002879  
28.97        1.309     0.002863  
29.26        1.308     0.002846  
29.56          1.3     0.002827  
29.85        1.292     0.002813  
30.15        1.283     0.002797  
30.46        1.275     0.002779  
30.76         1.27     0.002765  
31.07        1.262     0.002748  
31.38        1.255     0.002734  
31.7        1.247     0.002717  
32.02        1.243     0.002704  
32.34        1.244      0.00269  
32.67        1.237     0.002677  
32.99        1.231     0.002661  
33.33        1.225     0.002649  
33.66        1.223     0.002634  
34        1.214      0.00262
34.34        1.209     0.002605  
34.69        1.203     0.002594  
35.03        1.195     0.002577  
35.39        1.191     0.002563  
35.74        1.184     0.002549  
36.1        1.181     0.002537  
36.46        1.175     0.002525  
36.83        1.167      0.00251  
37.2        1.159     0.002497  
37.57        1.155     0.002483  
37.95        1.148     0.002471  
38.33         1.14     0.002458  
38.72        1.132     0.002445  
39.11        1.127     0.002433  
39.5        1.121      0.00242  
39.9        1.114     0.002407  
40.3        1.107     0.002396  
40.7        1.098     0.002382  
41.11        1.092     0.002366  
41.53        1.088     0.002354  
41.94        1.082     0.002342  
42.36        1.071     0.002327  
42.79        1.065     0.002319  
43.22        1.059     0.002308  
43.65        1.048     0.002293  
44.09        1.042     0.002282  
44.54        1.035     0.002272  
44.98        1.027      0.00226  
45.44        1.023      0.00225  
45.89        1.014     0.002238  
46.35        1.005     0.002229  
46.82       0.9964     0.002219  
47.29       0.9911     0.002207  
47.77        0.983     0.002198  
48.25       0.9723     0.002186  
48.73       0.9699     0.002177  
49.22       0.9635     0.002169  
49.72       0.9582     0.002158  
50.22       0.9484     0.002149  
50.72       0.9398      0.00214  
51.23       0.9317     0.002131  
51.74       0.9243     0.002123  
52.26       0.9153     0.002113  
52.79       0.9073     0.002104  
53.32       0.9018     0.002097  
53.86       0.8943     0.002087  
54.4       0.8866      0.00208  
54.94       0.8812     0.002073  
55.5       0.8706     0.002063  
56.05       0.8602     0.002057  
56.62       0.8596     0.002048  
57.19       0.8539     0.002042  
57.76       0.8448     0.002035  
58.34       0.8356     0.002027  
58.93        0.828     0.002019  
59.52       0.8213     0.002011  
60.12       0.8139     0.002004  
60.72       0.8061     0.001997  
61.33        0.799     0.001993  
61.95       0.7904     0.001983  
62.57       0.7815     0.001977  
63.2        0.777     0.001971  
63.84       0.7674     0.001964  
64.48       0.7627     0.001958  
65.13       0.7558     0.001954  
65.78       0.7499     0.001946  
66.44       0.7447     0.001941  
67.11       0.7336     0.001935  
67.78       0.7306     0.001929  
68.46       0.7238     0.001923  
69.15        0.714     0.001918  
69.85       0.7077     0.001911  
70.55       0.7009     0.001908  
71.26       0.6948     0.001902  
71.97       0.6885     0.001898  
72.7       0.6791     0.001893  
73.43       0.6728     0.001888  
74.17       0.6655     0.001882  
74.91       0.6578     0.001877  
75.67       0.6529      0.00187  
76.43       0.6458     0.001866  
77.19       0.6406     0.001861  
77.97       0.6338     0.001856  
78.75       0.6275     0.001852  
79.54       0.6222     0.001846  
80.34       0.6156     0.001842  
81.15       0.6087     0.001838  
81.97       0.6033     0.001834  
82.79       0.5952     0.001831  
83.62       0.5908     0.001826  
84.46       0.5847     0.001821  
85.31       0.5791     0.001818  
86.17       0.5734     0.001813  
87.04       0.5679     0.001808  
87.91       0.5613     0.001806  
88.79       0.5548     0.001803  
89.69       0.5508     0.001799  
90.59       0.5448     0.001793  
91.5       0.5403     0.001791  
92.42       0.5357     0.001787  
93.35       0.5288     0.001781  
94.28       0.5229      0.00178  
95.23       0.5178     0.001777  
96.19       0.5124     0.001774  
97.16       0.5067     0.001771  
98.13       0.5027     0.001766  
99.12        0.495     0.001765  
100.1       0.4906     0.001761  
101.1        0.486     0.001758  
102.1       0.4806     0.001755  
103.2       0.4763     0.001755  
104.2         0.47     0.001754  
105.2       0.4664     0.001747  
106.3        0.463     0.001743  
107.4       0.4593     0.001742  
108.5        0.457     0.001741  
109.5       0.4529     0.001739  
110.6        0.445     0.001735  
111.8       0.4407     0.001731  
112.9       0.4384      0.00173  
114       0.4347     0.001728   
115.2       0.4284     0.001727  
116.3       0.4244     0.001724  
117.5        0.421     0.001719  
118.7       0.4177     0.001717  
119.9       0.4153     0.001715  
121.1       0.4106     0.001716  
122.3       0.4056     0.001715  
123.5       0.4031     0.001711  
124.8       0.3991     0.001707  
126       0.3963     0.001708   
127.3       0.3918     0.001706  
128.6       0.3915     0.001704  
129.8       0.3893     0.001704  
131.1       0.3841     0.001703  
132.5       0.3798       0.0017  
133.8       0.3751     0.001701  
135.1       0.3726     0.001699  
136.5       0.3708     0.001696  
137.9        0.368     0.001697  
139.3        0.365     0.001697  
140.7       0.3605     0.001695  
142.1       0.3591     0.001695  
143.5       0.3562     0.001693  
144.9       0.3517     0.001692  
146.4         0.35     0.001696  
147.9       0.3483     0.001693  
149.4       0.3439      0.00169  
150.9       0.3417     0.001691  
152.4       0.3394      0.00169  
153.9       0.3388     0.001688  
155.5       0.3379     0.001689  
157       0.3331      0.00169   
158.6       0.3314     0.001691  
160.2       0.3315     0.001691  
161.8       0.3292     0.001692  
163.4       0.3276      0.00169  
165.1       0.3221      0.00169  
166.7       0.3201     0.001695  
168.4       0.3185     0.001692  
170.1       0.3197     0.001692  
171.8       0.3182     0.001694  
173.5       0.3147     0.001693  
175.3       0.3133     0.001694  
177       0.3145     0.001695   
178.8       0.3122     0.001699  
180.6       0.3077     0.001698  
182.4       0.3074     0.001698  
184.3       0.3074     0.001701  
186.1        0.306     0.001703  
188       0.3025     0.001702   
189.9       0.3026     0.001704  
191.8       0.3009     0.001707  
193.7       0.3007     0.001707  
195.7          0.3      0.00171  
197.6       0.2976     0.001711  
199.6       0.2985     0.001714  
201.6       0.2967     0.001714  
203.6       0.2961     0.001716  
205.7       0.2942     0.001719  
207.7       0.2932     0.001724  
209.8       0.2941     0.001722  
211.9       0.2926     0.001725  
214.1       0.2903     0.001727  
216.2       0.2886     0.001729  
218.4       0.2896     0.001731  
220.6       0.2882     0.001736  
222.8       0.2893     0.001739  
225.1       0.2876     0.001742  
227.3       0.2883     0.001743  
229.6        0.289     0.001746  
231.9       0.2852     0.001748  
234.2       0.2871     0.001753  
236.6        0.287     0.001756  
239       0.2844      0.00176   
241.4       0.2852     0.001761  
243.8       0.2838     0.001765  
246.2       0.2828     0.001768  
248.7       0.2832     0.001773  
251.2       0.2832     0.001778  
253.7       0.2793      0.00178  
256.3       0.2831     0.001785  
258.9       0.2839     0.001787  
261.5       0.2839     0.001791  
264.1       0.2834     0.001794  
266.8       0.2815     0.001799  
269.4       0.2847     0.001804  
272.1        0.283     0.001807  
274.9       0.2827      0.00181  
277.6       0.2816     0.001813  
280.4       0.2785     0.001818  
283.3        0.278     0.001822  
286.1       0.2806     0.001826  
289        0.282     0.001829   
291.9       0.2828     0.001832  
294.8       0.2802     0.001839  
297.8       0.2858      0.00184  
300.8       0.2849     0.001842  
303.8       0.2829     0.001843  
306.8       0.2831     0.001848  
309.9       0.2831     0.001855  
313       0.2834     0.001856   
316.2       0.2818     0.001858  
319.4       0.2843      0.00186  
322.6       0.2863     0.001863  
325.8       0.2838     0.001867  
329.1       0.2839     0.001868  
332.4       0.2864      0.00187  
335.7       0.2875     0.001872  
339.1       0.2884     0.001874  
342.5       0.2868     0.001878  
346       0.2868     0.001882   
349.4       0.2882     0.001882  
353       0.2855     0.001881   
356.5       0.2862     0.001879  
360.1       0.2869      0.00188  
363.7       0.2883     0.001885  
367.4       0.2905     0.001885  
371        0.289     0.001882   
374.8       0.2911     0.001882  
378.5        0.294      0.00188  
382.3        0.295     0.001881  
386.2       0.2921     0.001883  
390.1       0.2903     0.001881  
394        0.293     0.001878   
398       0.2951     0.001877   
402       0.2944     0.001876   
406       0.2937     0.001876   
410.1       0.2962     0.001878  
414.2       0.2968     0.001879  
418.4       0.2975     0.001875  
422.6       0.2987     0.001874  
426.8       0.2992     0.001872  
431.1       0.3006     0.001875  
435.4        0.302     0.001879  
439.8       0.3029     0.001883  
444.2       0.3025     0.001885  
448.7       0.3041     0.001887  
453.2       0.3049     0.001894  
457.8       0.3033     0.001902  
462.4       0.3056     0.001913  
467       0.3064     0.001924   
471.7        0.308     0.001934  
476.4        0.308     0.001947  
481.2       0.3077     0.001963  
486.1        0.312     0.001984  
490.9       0.3149     0.002007  
495.9       0.3149     0.002032  
500.9       0.3165     0.002059  
505.9       0.3161     0.002096  
511       0.3152     0.002132   
516.1       0.3154     0.002172  
521.3       0.3169      0.00222  
526.5       0.3175     0.002275  
531.8       0.3165     0.002339  
537.2       0.3174     0.002414  
542.6       0.3215     0.002509  
548       0.3245     0.002625   
553.5        0.323     0.002741  
559.1       0.3223     0.002865  
