Literature data from J.A. Harvey et al (1991) (to 5.29 MeV); R.W. Finlay et al (1993) (>5.29 MeV)
NatN(n,tot)
MeV        Barns       Error (Barns)
1.0009     2.422       0.01118  
1.0023     2.5277      0.011175 
1.0037     2.617       0.011184 
1.005      2.6661      0.011354 
1.0064     2.7331      0.011138 
1.0078     2.7862      0.010995 
1.0092     2.7992      0.011283 
1.0106     2.8314      0.011302 
1.012      2.8181      0.011359 
1.0134     2.8384      0.011019 
1.0148     2.8         0.010965 
1.0162     2.7905      0.010937 
1.0176     2.771       0.010727 
1.019      2.7267      0.010712 
1.0204     2.6753      0.010675 
1.0219     2.6583      0.010488 
1.0233     2.603       0.010322 
1.0247     2.5901      0.010577 
1.0261     2.5481      0.010591 
1.0276     2.5305      0.010393 
1.029      2.4972      0.010353 
1.0304     2.4581      0.010479 
1.0319     2.4124      0.010478 
1.0333     2.3674      0.010373 
1.0347     2.3386      0.010666 
1.0362     2.3373      0.010435 
1.0376     2.2867      0.010477 
1.0391     2.2573      0.010503 
1.0405     2.2298      0.01037  
1.042      2.2166      0.010525 
1.0435     2.1881      0.010426 
1.0449     2.1689      0.010551 
1.0464     2.1391      0.010639 
1.0479     2.1262      0.010268 
1.0494     2.0956      0.010345 
1.0508     2.074       0.0104   
1.0523     2.0353      0.010323 
1.0538     2.0194      0.010329 
1.0553     2.0167      0.010301 
1.0568     1.9826      0.010404 
1.0583     1.9667      0.010064 
1.0598     1.9629      0.010076 
1.0613     1.9362      0.010155 
1.0628     1.9388      0.010231 
1.0643     1.9         0.010226 
1.0658     1.897       0.010368 
1.0673     1.8976      0.01035  
1.0688     1.8958      0.010186 
1.0703     1.8736      0.0098092
1.0719     1.8594      0.0095865
1.0734     1.8474      0.009722 
1.0749     1.8507      0.0098428
1.0764     1.8512      0.0098486
1.078      1.8386      0.010128 
1.0795     1.83        0.010002 
1.0811     1.8232      0.0097586
1.0826     1.8181      0.0097581
1.0842     1.8144      0.0099785
1.0857     1.8252      0.0097136
1.0873     1.8438      0.009681 
1.0886     1.8452      0.011506 
1.0897     1.8533      0.011503 
1.0908     1.8705      0.011714 
1.0919     1.8647      0.012117 
1.093      1.8767      0.011921 
1.0941     1.9171      0.011718 
1.0952     1.9287      0.011852 
1.0963     1.9432      0.012129 
1.0974     1.9797      0.011948 
1.0985     2.0322      0.011934 
1.0996     2.0602      0.011925 
1.1007     2.0865      0.011811 
1.1018     2.1589      0.011715 
1.1029     2.234       0.012015 
1.104      2.319       0.012194 
1.1052     2.3933      0.012307 
1.1063     2.5104      0.012508 
1.1074     2.647       0.012663 
1.1085     2.7774      0.01255  
1.1096     2.9512      0.012792 
1.1108     3.1212      0.013346 
1.1119     3.3427      0.013596 
1.113      3.5713      0.013779 
1.1141     3.793       0.01436  
1.1153     3.9627      0.015577 
1.1164     4.0736      0.015671 
1.1175     4.1079      0.015153 
1.1187     4.0563      0.01504  
1.1198     3.8981      0.01466  
1.121      3.6941      0.015066 
1.1221     3.4444      0.014767 
1.1232     3.2065      0.014374 
1.1244     3.0207      0.013827 
1.1255     2.815       0.013491 
1.1267     2.6451      0.01294  
1.1278     2.468       0.012369 
1.129      2.337       0.01216  
1.1301     2.2308      0.01217  
1.1313     2.1053      0.011723 
1.1325     2.0473      0.011619 
1.1336     1.9604      0.01162  
1.135      1.8981      0.0097136
1.1367     1.8059      0.0097748
1.1384     1.7633      0.0099886
1.14       1.7106      0.0095718
1.1417     1.6672      0.0096207
1.1434     1.6214      0.0093778
1.1451     1.6031      0.0095958
1.1467     1.5479      0.0097906
1.1484     1.5344      0.0093707
1.1501     1.5147      0.0095417
1.1518     1.4932      0.0096714
1.1535     1.4719      0.0096214
1.1552     1.4392      0.0093932
1.1569     1.4564      0.009361 
1.1586     1.4487      0.0094329
1.1604     1.4162      0.0093834
1.1621     1.4152      0.009261 
1.1638     1.4175      0.0092895
1.1655     1.4012      0.0093456
1.1673     1.3886      0.0092914
1.169      1.3648      0.0091933
1.1707     1.3584      0.0094646
1.1725     1.377       0.0094369
1.1742     1.3555      0.0093147
1.176      1.3604      0.009154 
1.1777     1.3586      0.0090482
1.1795     1.3789      0.0094157
1.1805     1.4088      0.030217 
1.1806     1.3628      0.03041  
1.1808     1.421       0.030928 
1.181      1.4004      0.030878 
1.1812     1.3942      0.030995 
1.1813     1.4531      0.030781 
1.1815     1.4814      0.030613 
1.1817     1.507       0.030322 
1.1819     1.4393      0.030212 
1.182      1.4928      0.029948 
1.1822     1.5171      0.029957 
1.1824     1.5569      0.030085 
1.1826     1.6147      0.030178 
1.1827     1.5813      0.030172 
1.1829     1.7117      0.030429 
1.1831     1.7729      0.0307   
1.1833     1.8591      0.031147 
1.1835     2.0799      0.031818 
1.1836     2.2149      0.032615 
1.1838     2.4417      0.033599 
1.184      2.7819      0.034945 
1.1842     3.111       0.036569 
1.1843     3.4551      0.037772 
1.1845     3.77        0.038767 
1.1847     3.8158      0.039121 
1.1849     3.5959      0.03818  
1.185      3.3544      0.03638  
1.1852     3.0645      0.035301 
1.1854     2.6997      0.033758 
1.1856     2.4628      0.032668 
1.1858     2.1966      0.032028 
1.1859     2.0447      0.031503 
1.1861     1.9678      0.030979 
1.1863     1.8285      0.030706 
1.1865     1.7389      0.030577 
1.1866     1.7072      0.030488 
1.1868     1.669       0.030578 
1.187      1.5554      0.030216 
1.1872     1.6272      0.030268 
1.1874     1.5651      0.030208 
1.1875     1.4634      0.029874 
1.1877     1.511       0.029974 
1.1879     1.4734      0.029811 
1.1881     1.4904      0.029707 
1.1882     1.4429      0.029597 
1.1884     1.4959      0.02969  
1.1886     1.4549      0.029918 
1.1888     1.4426      0.029864 
1.189      1.4372      0.029926 
1.1891     1.483       0.029881 
1.1893     1.4042      0.029969 
1.1895     1.4253      0.030195 
1.1897     1.3985      0.030326 
1.1898     1.4665      0.030444 
1.19       1.4281      0.030388 
1.1907     1.4133      0.012238 
1.1917     1.4116      0.01181  
1.1928     1.4159      0.011697 
1.1939     1.4216      0.011618 
1.1949     1.4168      0.01168  
1.196      1.44        0.011605 
1.1971     1.4482      0.011638 
1.1982     1.4626      0.011736 
1.1993     1.4924      0.012256 
1.2003     1.5226      0.012239 
1.2014     1.563       0.011954 
1.2025     1.625       0.012098 
1.2036     1.6921      0.012168 
1.2047     1.7724      0.012201 
1.2058     1.8564      0.012623 
1.2069     1.9523      0.013402 
1.208      2.0476      0.012969 
1.2091     2.0878      0.012901 
1.2102     2.1079      0.013331 
1.2113     2.0608      0.013236 
1.2124     2.0005      0.012719 
1.2135     1.9551      0.012724 
1.2146     1.8664      0.012763 
1.2157     1.8006      0.012308 
1.2168     1.7295      0.012376 
1.2179     1.6879      0.012284 
1.219      1.6169      0.012208 
1.2201     1.5908      0.012087 
1.2212     1.5509      0.012003 
1.2219     1.5731      0.029385 
1.222      1.557       0.029379 
1.2222     1.5491      0.029589 
1.2224     1.5605      0.02967  
1.2226     1.5269      0.029974 
1.2228     1.5566      0.030085 
1.223      1.5534      0.030725 
1.2232     1.4544      0.030895 
1.2233     1.5383      0.030889 
1.2235     1.4196      0.030913 
1.2237     1.5429      0.030765 
1.2239     1.4867      0.030608 
1.2241     1.5796      0.030631 
1.2243     1.598       0.030975 
1.2245     1.6754      0.031042 
1.2246     1.5874      0.031198 
1.2248     1.6335      0.03115  
1.225      1.6069      0.031098 
1.2252     1.5171      0.030832 
1.2254     1.5008      0.030706 
1.2256     1.4862      0.030755 
1.2258     1.4764      0.030705 
1.226      1.4855      0.030819 
1.2261     1.5057      0.030691 
1.2263     1.5009      0.031011 
1.2265     1.4238      0.030915 
1.2267     1.4816      0.030928 
1.2269     1.5092      0.031157 
1.2271     1.4746      0.031482 
1.2273     1.4829      0.032048 
1.2274     1.4071      0.032427 
1.2276     1.4648      0.032935 
1.2278     1.443       0.033345 
1.228      1.4036      0.033536 
1.2282     1.4302      0.033451 
1.2284     1.4547      0.03339  
1.2286     1.5201      0.032667 
1.2288     1.5374      0.032056 
1.2289     1.4689      0.031888 
1.2291     1.4987      0.031203 
1.2293     1.4459      0.030898 
1.2295     1.4635      0.030539 
1.2297     1.4981      0.030487 
1.2299     1.4341      0.030372 
1.2301     1.4729      0.030266 
1.2303     1.441       0.030273 
1.2304     1.4268      0.0303   
1.2306     1.4805      0.030048 
1.2308     1.4795      0.030037 
1.231      1.4355      0.029928 
1.2312     1.4052      0.029813 
1.2314     1.4959      0.029525 
1.2316     1.4266      0.029553 
1.2318     1.4924      0.029381 
1.2319     1.4636      0.029479 
1.2321     1.4522      0.029254 
1.2323     1.5092      0.029644 
1.2325     1.4138      0.03016  
1.2327     1.4579      0.030649 
1.2329     1.4824      0.030859 
1.2339     1.4294      0.0096736
1.2358     1.4189      0.0096048
1.2377     1.4291      0.009464 
1.2396     1.4327      0.0094017
1.2415     1.438       0.0097522
1.2434     1.4223      0.0095775
1.2453     1.4322      0.009237 
1.2472     1.4342      0.0092538
1.2491     1.4358      0.0092305
1.251      1.441       0.0092435
1.253      1.4492      0.0095719
1.2549     1.4412      0.0099723
1.2568     1.4472      0.0099686
1.2588     1.4278      0.0099656
1.2607     1.4492      0.00969  
1.2627     1.4444      0.009551 
1.2646     1.4567      0.0093914
1.2666     1.461       0.0096198
1.2685     1.4653      0.0095084
1.2705     1.4804      0.0093882
1.2725     1.4919      0.0094924
1.2744     1.4941      0.0095455
1.2764     1.505       0.009801 
1.2784     1.5003      0.010218 
1.2804     1.5128      0.0096596
1.2824     1.5342      0.0096467
1.2844     1.5597      0.0094321
1.2864     1.5603      0.0093801
1.2884     1.5591      0.0092745
1.2904     1.5752      0.0092694
1.2924     1.5945      0.0098149
1.2944     1.5958      0.010175 
1.2965     1.5841      0.0099729
1.2985     1.6073      0.0098312
1.3005     1.6403      0.0097624
1.3026     1.6446      0.009808 
1.3046     1.6691      0.0099607
1.3067     1.68        0.0098896
1.3087     1.7068      0.0096363
1.3108     1.7213      0.0096813
1.3128     1.7317      0.0097971
1.3149     1.7495      0.0099041
1.317      1.7929      0.0099266
1.3191     1.8294      0.010389 
1.3208     1.8634      0.01244  
1.3223     1.8823      0.012238 
1.3237     1.8937      0.012249 
1.3252     1.9184      0.012292 
1.3267     1.971       0.012225 
1.3282     2.0168      0.012151 
1.3296     2.0519      0.012249 
1.3311     2.122       0.012822 
1.3326     2.1661      0.012548 
1.3341     2.2527      0.012302 
1.3355     2.3134      0.012499 
1.337      2.4111      0.012713 
1.3385     2.5389      0.013238 
1.34       2.6867      0.013249 
1.3415     2.8391      0.013161 
1.343      3.0245      0.01338  
1.3445     3.2168      0.013633 
1.346      3.435       0.013931 
1.3475     3.5947      0.014285 
1.349      3.7107      0.014575 
1.3505     3.7818      0.015006 
1.352      3.7113      0.014773 
1.3535     3.5841      0.014321 
1.3551     3.388       0.014138 
1.3566     3.1672      0.01402  
1.3581     2.9919      0.013672 
1.3596     2.8345      0.013575 
1.3611     2.7134      0.01295  
1.3627     2.58        0.012922 
1.3642     2.4855      0.012548 
1.3657     2.4358      0.012221 
1.3673     2.3713      0.012111 
1.3688     2.3383      0.012088 
1.3703     2.3166      0.012233 
1.3719     2.2712      0.012067 
1.3738     2.2895      0.010034 
1.376      2.2736      0.010171 
1.3782     2.2922      0.010214 
1.3804     2.2883      0.010179 
1.3827     2.3267      0.010359 
1.3849     2.3379      0.010932 
1.3871     2.3978      0.010958 
1.3894     2.448       0.010825 
1.3916     2.474       0.010597 
1.3939     2.5181      0.010542 
1.3962     2.5999      0.010464 
1.3984     2.6177      0.010507 
1.4007     2.6444      0.010833 
1.403      2.6866      0.011165 
1.4053     2.7255      0.010746 
1.4076     2.7031      0.010554 
1.4099     2.7066      0.010653 
1.4122     2.6591      0.010761 
1.4145     2.625       0.011069 
1.4168     2.5848      0.01068  
1.4191     2.5492      0.010764 
1.4214     2.5028      0.010811 
1.4238     2.4375      0.010708 
1.4261     2.3945      0.010589 
1.4284     2.3346      0.010439 
1.4308     2.2745      0.010565 
1.4331     2.2701      0.010443 
1.4355     2.2365      0.01058  
1.4379     2.1964      0.010543 
1.4402     2.1672      0.010575 
1.4426     2.1449      0.010582 
1.445      2.1195      0.010615 
1.4474     2.0903      0.010653 
1.4498     2.085       0.010723 
1.4522     2.0502      0.010525 
1.4546     2.0327      0.010465 
1.457      2.0202      0.010327 
1.4594     2.          0.010312 
1.4619     2.007       0.010859 
1.4643     2.003       0.010874 
1.4667     1.9868      0.01053  
1.4692     1.9689      0.010741 
1.4716     1.9616      0.010585 
1.4741     1.9597      0.010177 
1.4765     1.9604      0.010097 
1.479      1.946       0.010019 
1.4815     1.9325      0.010139 
1.484      1.9618      0.010272 
1.4865     1.9268      0.01027  
1.4889     1.9238      0.010292 
1.4914     1.9252      0.010021 
1.494      1.9179      0.010199 
1.4965     1.9218      0.010082 
1.499      1.9246      0.0099337
1.5015     1.922       0.010031 
1.504      1.9277      0.010002 
1.5066     1.8994      0.010047 
1.5091     1.9104      0.010161 
1.5117     1.9133      0.010407 
1.5142     1.9112      0.010205 
1.5168     1.919       0.010146 
1.5194     1.922       0.010164 
1.5219     1.9057      0.010163 
1.5245     1.9022      0.011028 
1.5271     1.9116      0.010685 
1.5297     1.901       0.01042  
1.5323     1.9037      0.01066  
1.5349     1.8975      0.010614 
1.5375     1.9042      0.010627 
1.5402     1.896       0.010431 
1.5428     1.925       0.010699 
1.5454     1.9189      0.010909 
1.5481     1.912       0.010942 
1.5507     1.9195      0.010586 
1.5534     1.9266      0.010389 
1.556      1.9356      0.010541 
1.5587     1.9194      0.010655 
1.5614     1.9289      0.010578 
1.5641     1.9522      0.010583 
1.5661     1.9668      0.01519  
1.5674     1.9863      0.015223 
1.5688     1.9912      0.014816 
1.5701     1.9743      0.014912 
1.5715     2.0036      0.014814 
1.5728     2.0105      0.014649 
1.5742     2.0343      0.014784 
1.5756     2.0464      0.014628 
1.5769     2.0743      0.014806 
1.5783     2.1002      0.014641 
1.5796     2.1457      0.014654 
1.581      2.1996      0.015071 
1.5824     2.2165      0.015415 
1.5837     2.3251      0.015485 
1.5851     2.3593      0.015486 
1.5865     2.4692      0.015943 
1.5879     2.5579      0.016059 
1.5892     2.7006      0.016219 
1.5906     2.8876      0.016459 
1.592      3.0309      0.016838 
1.5934     3.2497      0.017498 
1.5948     3.4107      0.017727 
1.5961     3.5735      0.018146 
1.5975     3.6353      0.018193 
1.5989     3.6617      0.018361 
1.6003     3.5409      0.018134 
1.6017     3.3884      0.017835 
1.6031     3.2309      0.017231 
1.6045     3.0247      0.016515 
1.6059     2.8888      0.016124 
1.6073     2.7203      0.016115 
1.6087     2.5733      0.016226 
1.6101     2.5246      0.015998 
1.6115     2.4064      0.015829 
1.6129     2.356       0.015993 
1.6143     2.2589      0.015981 
1.6157     2.2532      0.015982 
1.6171     2.2137      0.015769 
1.6185     2.1489      0.015511 
1.62       2.1279      0.015418 
1.6214     2.0753      0.015439 
1.6228     2.0802      0.015656 
1.6249     2.0314      0.011041 
1.6278     1.9908      0.010931 
1.6306     1.9817      0.010631 
1.6335     1.9451      0.010737 
1.6364     1.931       0.010863 
1.6393     1.9077      0.010484 
1.6421     1.9012      0.010435 
1.645      1.9048      0.010464 
1.6479     1.8815      0.010712 
1.6509     1.8738      0.011106 
1.6538     1.8814      0.010711 
1.6567     1.8739      0.01067  
1.6596     1.8826      0.010761 
1.6626     1.873       0.010638 
1.6655     1.8798      0.010661 
1.6685     1.8733      0.011038 
1.6714     1.8388      0.011084 
1.6744     1.8678      0.011193 
1.6774     1.885       0.010922 
1.6804     1.8624      0.010665 
1.6834     1.8583      0.010421 
1.6864     1.8333      0.010464 
1.6894     1.8563      0.010653 
1.6924     1.8491      0.010683 
1.6955     1.8404      0.010537 
1.6985     1.8484      0.010787 
1.7015     1.8582      0.010839 
1.7046     1.8685      0.010806 
1.7077     1.8675      0.01075  
1.7107     1.8537      0.010813 
1.7138     1.867       0.010785 
1.7169     1.8734      0.01083  
1.72       1.8905      0.010967 
1.7231     1.8928      0.010774 
1.7262     1.8973      0.01058  
1.7287     1.9057      0.013815 
1.7306     1.9121      0.014018 
1.7325     1.9224      0.013987 
1.7343     1.9302      0.01399  
1.7362     1.9615      0.014411 
1.7381     1.9511      0.014507 
1.74       1.9781      0.014384 
1.7419     1.9844      0.014189 
1.7438     2.0199      0.014261 
1.7457     2.0005      0.014358 
1.7476     2.05        0.014463 
1.7495     2.069       0.014912 
1.7514     2.0831      0.015524 
1.7533     2.1356      0.015448 
1.7552     2.1805      0.015177 
1.7572     2.1788      0.01498  
1.7591     2.2406      0.014848 
1.761      2.279       0.01495  
1.7629     2.31        0.01523  
1.7649     2.4116      0.015482 
1.7668     2.4304      0.015242 
1.7687     2.5158      0.015297 
1.7707     2.596       0.015259 
1.7726     2.6581      0.01556  
1.7746     2.745       0.016048 
1.7765     2.8155      0.015982 
1.7785     2.8914      0.016102 
1.7804     2.9492      0.016408 
1.7824     2.9872      0.016679 
1.7844     3.0409      0.016644 
1.7863     3.0184      0.016109 
1.7883     3.0089      0.016059 
1.7903     2.9626      0.016228 
1.7923     2.8732      0.015824 
1.7942     2.8725      0.015683 
1.7962     2.7448      0.015594 
1.7982     2.6487      0.015448 
1.8002     2.5599      0.015266 
1.8022     2.4999      0.015207 
1.8042     2.452       0.015421 
1.8062     2.3601      0.01511  
1.8082     2.3126      0.014974 
1.8102     2.2658      0.014725 
1.8122     2.1867      0.014357 
1.8142     2.1232      0.014398 
1.8162     2.0826      0.014443 
1.8183     2.0524      0.014395 
1.8203     2.0207      0.014433 
1.8223     2.0054      0.014693 
1.8243     1.9944      0.014612 
1.8271     1.9385      0.011357 
1.8305     1.8996      0.011551 
1.8339     1.8921      0.011393 
1.8373     1.8422      0.011245 
1.8407     1.8205      0.011124 
1.8441     1.8094      0.011157 
1.8476     1.7838      0.011304 
1.851      1.7675      0.011365 
1.8545     1.7696      0.011394 
1.858      1.7446      0.011281 
1.8615     1.74        0.011197 
1.865      1.7273      0.01119  
1.8685     1.7393      0.011151 
1.872      1.7122      0.011446 
1.8755     1.7038      0.011445 
1.8791     1.7193      0.011464 
1.8826     1.6835      0.011444 
1.8862     1.66        0.011372 
1.8897     1.6871      0.011302 
1.8933     1.6723      0.011058 
1.8969     1.6683      0.010925 
1.9005     1.6684      0.011148 
1.9041     1.6541      0.011421 
1.9077     1.6222      0.011367 
1.9113     1.646       0.011447 
1.915      1.6315      0.011531 
1.9186     1.6393      0.011456 
1.9223     1.6266      0.011379 
1.9259     1.6317      0.011594 
1.9296     1.6138      0.011639 
1.9333     1.606       0.011743 
1.937      1.6021      0.01199  
1.9407     1.5885      0.012124 
1.9444     1.622       0.01166  
1.9482     1.6082      0.011409 
1.9519     1.6143      0.011374 
1.9557     1.5953      0.011459 
1.9594     1.5933      0.011311 
1.9632     1.5843      0.011307 
1.967      1.5828      0.011402 
1.9708     1.5766      0.011468 
1.9746     1.5803      0.011633 
1.9784     1.5836      0.011473 
1.9823     1.5784      0.011731 
1.9861     1.5642      0.011724 
1.9899     1.5899      0.011746 
1.9938     1.5584      0.01173  
1.9977     1.5706      0.011705 
2.0016     1.5587      0.011547 
2.0055     1.5644      0.011684 
2.0094     1.5388      0.011713 
2.0133     1.5487      0.011655 
2.0172     1.5663      0.011975 
2.0212     1.5524      0.011736 
2.0251     1.5555      0.012221 
2.0291     1.5449      0.012128 
2.0331     1.5154      0.011997 
2.0371     1.5229      0.012022 
2.0411     1.5346      0.012061 
2.0451     1.5332      0.011921 
2.0491     1.5359      0.01168  
2.0532     1.5247      0.011718 
2.0572     1.5188      0.011981 
2.0613     1.513       0.011969 
2.0653     1.5111      0.011778 
2.0694     1.5222      0.011508 
2.0735     1.5119      0.011035 
2.0776     1.4998      0.010526 
2.0818     1.4944      0.011245 
2.0859     1.5127      0.011619 
2.09       1.5154      0.011723 
2.0942     1.5194      0.011753 
2.0984     1.4878      0.011834 
2.1026     1.4898      0.011873 
2.1068     1.5192      0.012154 
2.111      1.4833      0.012216 
2.1152     1.5081      0.012232 
2.1194     1.5177      0.012394 
2.1237     1.5061      0.01213  
2.1279     1.5022      0.012109 
2.1322     1.5043      0.012203 
2.1365     1.4948      0.012149 
2.1408     1.5065      0.012204 
2.1451     1.4958      0.012191 
2.1494     1.5062      0.012263 
2.1538     1.5027      0.012332 
2.1572     1.4866      0.015879 
2.1599     1.4856      0.015753 
2.1625     1.4894      0.015795 
2.1651     1.511       0.015686 
2.1677     1.5333      0.016043 
2.1704     1.5433      0.016199 
2.173      1.5302      0.016139 
2.1757     1.5509      0.015806 
2.1783     1.5309      0.015867 
2.181      1.5551      0.01594  
2.1836     1.5833      0.016106 
2.1863     1.5465      0.016326 
2.189      1.5916      0.016157 
2.1916     1.6055      0.016111 
2.1943     1.6262      0.016149 
2.197      1.6374      0.016298 
2.1997     1.6521      0.016328 
2.2024     1.6928      0.016374 
2.2051     1.6842      0.01644  
2.2078     1.728       0.016927 
2.2105     1.7635      0.016636 
2.2132     1.7783      0.016392 
2.2159     1.7739      0.016382 
2.2186     1.8355      0.016326 
2.2214     1.8328      0.016482 
2.2241     1.8561      0.016585 
2.2268     1.8347      0.016973 
2.2296     1.8453      0.016934 
2.2323     1.8363      0.016885 
2.2351     1.8153      0.016529 
2.2378     1.7999      0.016384 
2.2406     1.7545      0.016526 
2.2434     1.7726      0.016497 
2.2462     1.7547      0.016357 
2.2489     1.7404      0.016587 
2.2517     1.7239      0.0165   
2.2545     1.7223      0.016196 
2.2573     1.6758      0.016396 
2.2601     1.6633      0.016327 
2.2629     1.6588      0.01647  
2.2657     1.6255      0.01668  
2.2685     1.5967      0.01665  
2.2714     1.617       0.016912 
2.2742     1.5874      0.016875 
2.277      1.573       0.016584 
2.2799     1.5727      0.016817 
2.2827     1.5973      0.016519 
2.2855     1.5537      0.016443 
2.2884     1.5703      0.016723 
2.2913     1.5236      0.016707 
2.2941     1.5299      0.016656 
2.297      1.556       0.016502 
2.2999     1.5506      0.016606 
2.3027     1.5222      0.016861 
2.3056     1.5396      0.016906 
2.3095     1.502       0.01321  
2.3143     1.4945      0.013091 
2.3192     1.4703      0.012941 
2.324      1.4912      0.012877 
2.3289     1.488       0.013147 
2.3338     1.477       0.013086 
2.3387     1.4793      0.013024 
2.3436     1.4475      0.01317  
2.3486     1.4497      0.013177 
2.3535     1.4743      0.012891 
2.3585     1.4568      0.012913 
2.3635     1.4632      0.012761 
2.3685     1.448       0.01301  
2.3735     1.4395      0.013095 
2.3786     1.4589      0.013106 
2.3836     1.4716      0.013293 
2.3887     1.4362      0.013512 
2.3938     1.4444      0.013073 
2.3989     1.4359      0.013421 
2.404      1.4587      0.013313 
2.4091     1.4339      0.013183 
2.4143     1.443       0.013476 
2.4194     1.413       0.013223 
2.4246     1.4325      0.013186 
2.4298     1.4156      0.01329  
2.435      1.4343      0.013509 
2.4403     1.4108      0.0137   
2.4455     1.4308      0.013742 
2.4508     1.4164      0.013623 
2.4561     1.4269      0.013491 
2.4614     1.4111      0.013815 
2.4667     1.4274      0.013827 
2.4696     1.4196      0.043211 
2.4702     1.4519      0.043155 
2.4707     1.425       0.042985 
2.4712     1.456       0.042844 
2.4718     1.4167      0.042987 
2.4723     1.42        0.042898 
2.4728     1.4292      0.042294 
2.4734     1.3904      0.042198 
2.4739     1.4474      0.04255  
2.4744     1.4334      0.042698 
2.475      1.417       0.043422 
2.4755     1.4501      0.043406 
2.476      1.6005      0.043646 
2.4766     1.6076      0.043652 
2.4771     1.5918      0.043703 
2.4776     1.5043      0.043802 
2.4782     1.462       0.043708 
2.4787     1.4558      0.043986 
2.4793     1.4272      0.043575 
2.4798     1.4246      0.044065 
2.4803     1.4147      0.043782 
2.4809     1.4778      0.044241 
2.4814     1.4353      0.044369 
2.4819     1.4404      0.044746 
2.4825     1.4528      0.04388  
2.4841     1.4119      0.019415 
2.4868     1.4082      0.019176 
2.4895     1.4153      0.019636 
2.4922     1.3989      0.019437 
2.4949     1.4048      0.019488 
2.4976     1.404       0.019539 
2.5003     1.4425      0.019632 
2.502      1.3794      0.04429  
2.5025     1.4105      0.044584 
2.503      1.4309      0.044164 
2.5036     1.4225      0.044376 
2.5041     1.4875      0.044251 
2.5047     1.4002      0.044281 
2.5052     1.3597      0.044153 
2.5058     1.4366      0.04408  
2.5063     1.5393      0.044294 
2.5069     1.4953      0.044233 
2.5074     1.642       0.044846 
2.508      1.5443      0.045439 
2.5085     1.6763      0.045125 
2.509      1.6767      0.045578 
2.5096     1.8209      0.045945 
2.5101     1.9246      0.045927 
2.5107     1.9559      0.046276 
2.5112     1.9755      0.045838 
2.5118     2.0027      0.045629 
2.5123     1.814       0.045426 
2.5129     1.8551      0.044957 
2.5134     1.5752      0.044853 
2.514      1.7041      0.044141 
2.5145     1.5875      0.044269 
2.5151     1.6051      0.043682 
2.5156     1.5524      0.044296 
2.5162     1.5159      0.044325 
2.5167     1.4472      0.04431  
2.5173     1.4412      0.044493 
2.5178     1.5565      0.044353 
2.5184     1.4316      0.044522 
2.5189     1.4117      0.044628 
2.5195     1.446       0.044489 
2.52       1.3958      0.044813 
2.5206     1.5268      0.044641 
2.5211     1.416       0.044675 
2.5217     1.3979      0.044937 
2.5222     1.5046      0.045047 
2.5228     1.4081      0.044803 
2.5233     1.4811      0.044926 
2.5239     1.4031      0.044466 
2.5244     1.377       0.04488  
2.5275     1.4204      0.013952 
2.533      1.4268      0.014292 
2.5385     1.409       0.013985 
2.5441     1.4074      0.014163 
2.5497     1.4175      0.014359 
2.5553     1.4337      0.014179 
2.5609     1.4207      0.014323 
2.5666     1.419       0.014227 
2.5722     1.4273      0.014204 
2.5779     1.4078      0.0142   
2.5836     1.4249      0.014437 
2.5894     1.4025      0.014407 
2.5951     1.4125      0.01422  
2.6009     1.4043      0.014021 
2.6066     1.3976      0.014045 
2.6124     1.4134      0.014058 
2.6182     1.4231      0.014125 
2.6241     1.4168      0.014341 
2.6299     1.4134      0.014038 
2.6358     1.421       0.014034 
2.6402     1.3985      0.020152 
2.6432     1.4087      0.020233 
2.6461     1.3939      0.020108 
2.6491     1.4293      0.020122 
2.6521     1.4307      0.020163 
2.655      1.419       0.020265 
2.658      1.4028      0.020277 
2.661      1.4027      0.02058  
2.664      1.4276      0.020702 
2.667      1.3868      0.020886 
2.67       1.4037      0.020784 
2.673      1.3725      0.020675 
2.676      1.4174      0.020837 
2.679      1.4343      0.020989 
2.682      1.4375      0.020644 
2.685      1.427       0.020774 
2.6881     1.4145      0.020778 
2.6911     1.4         0.020955 
2.6941     1.4657      0.021039 
2.6972     1.4853      0.02096  
2.7002     1.4767      0.020999 
2.7033     1.5641      0.021188 
2.7064     1.4873      0.021269 
2.7094     1.5287      0.021121 
2.7125     1.4426      0.021183 
2.7156     1.4501      0.021    
2.7186     1.3746      0.021079 
2.7217     1.4078      0.020929 
2.7248     1.3695      0.020972 
2.7279     1.3186      0.021252 
2.731      1.3348      0.021169 
2.7341     1.2988      0.02084  
2.7372     1.2681      0.020681 
2.7403     1.2736      0.020636 
2.7435     1.2302      0.020777 
2.7466     1.2358      0.020753 
2.7497     1.2375      0.020509 
2.7544     1.2077      0.014387 
2.7607     1.2551      0.014752 
2.7671     1.2902      0.014711 
2.7734     1.2994      0.01484  
2.7798     1.3206      0.015016 
2.7861     1.3557      0.015218 
2.7926     1.379       0.015208 
2.799      1.3678      0.015018 
2.8054     1.375       0.014894 
2.8119     1.4111      0.014684 
2.8184     1.4355      0.014431 
2.8249     1.4096      0.014915 
2.8315     1.4166      0.015094 
2.838      1.4422      0.014978 
2.8446     1.4036      0.014945 
2.8512     1.4649      0.015125 
2.8579     1.4606      0.014956 
2.8645     1.4704      0.015135 
2.8712     1.4468      0.014885 
2.8779     1.4544      0.015057 
2.8846     1.5035      0.01506  
2.8914     1.4696      0.015063 
2.8982     1.4767      0.014917 
2.905      1.4986      0.014852 
2.9118     1.502       0.014764 
2.9186     1.5244      0.014665 
2.9255     1.5317      0.014932 
2.9296     1.5613      0.033105 
2.931      1.574       0.033159 
2.9324     1.5407      0.033412 
2.9338     1.5288      0.033374 
2.9352     1.6168      0.033333 
2.9366     1.568       0.033138 
2.9379     1.5444      0.033474 
2.9393     1.5436      0.033552 
2.9407     1.6083      0.033419 
2.9421     1.5808      0.033571 
2.9435     1.6049      0.033702 
2.9449     1.652       0.033711 
2.9463     1.696       0.0339   
2.9477     1.7369      0.03386  
2.9491     1.7693      0.034259 
2.9504     1.842       0.034204 
2.9518     1.9121      0.034374 
2.9532     2.0189      0.034932 
2.9546     2.1806      0.035565 
2.956      2.3522      0.036232 
2.9574     2.4721      0.036906 
2.9588     2.4825      0.037096 
2.9602     2.472       0.036922 
2.9616     2.3695      0.036423 
2.963      2.1834      0.036459 
2.9644     2.0976      0.036524 
2.9658     1.9304      0.035671 
2.9672     1.8195      0.035392 
2.9687     1.7876      0.035396 
2.9701     1.725       0.03516  
2.9715     1.7572      0.035286 
2.9729     1.6287      0.03531  
2.9743     1.6819      0.034904 
2.9757     1.6524      0.035206 
2.9771     1.6118      0.035647 
2.9785     1.5907      0.03571  
2.9799     1.6482      0.036322 
2.9814     1.6782      0.036342 
2.9835     1.577       0.025712 
2.9863     1.5859      0.025587 
2.9892     1.5697      0.025889 
2.992      1.5871      0.025822 
2.9949     1.5877      0.025978 
2.9977     1.5966      0.026346 
3.0006     1.5833      0.026404 
3.0034     1.5601      0.026736 
3.0063     1.6177      0.026888 
3.0092     1.5941      0.026795 
3.012      1.5915      0.026782 
3.0149     1.6026      0.026879 
3.0178     1.5759      0.026649 
3.0207     1.5642      0.026877 
3.0236     1.612       0.02653  
3.0265     1.58        0.026507 
3.0294     1.6197      0.026464 
3.0323     1.5513      0.026678 
3.0352     1.596       0.026735 
3.0381     1.5804      0.026759 
3.041      1.5968      0.026384 
3.0439     1.5875      0.026516 
3.0469     1.5845      0.026526 
3.0498     1.5957      0.026283 
3.0527     1.6166      0.026465 
3.0557     1.6114      0.026266 
3.0586     1.621       0.026191 
3.0616     1.6579      0.026494 
3.0645     1.6537      0.026611 
3.0675     1.6744      0.026573 
3.0704     1.6789      0.026459 
3.0734     1.6844      0.026519 
3.0763     1.7159      0.026703 
3.0793     1.6951      0.026671 
3.0823     1.72        0.026681 
3.0853     1.7163      0.026573 
3.0883     1.6854      0.02633  
3.0912     1.676       0.026375 
3.0942     1.6942      0.02644  
3.0972     1.7333      0.026522 
3.1002     1.6266      0.026416 
3.1032     1.6069      0.02648  
3.1063     1.6718      0.026303 
3.1093     1.6605      0.026211 
3.1119     1.6436      0.03015  
3.1142     1.6403      0.029965 
3.1164     1.6569      0.030419 
3.1187     1.6328      0.030322 
3.121      1.6377      0.030142 
3.1233     1.5914      0.030089 
3.1256     1.656       0.02988  
3.1278     1.6426      0.029975 
3.1301     1.7446      0.02998  
3.1324     1.6858      0.03035  
3.1347     1.6438      0.03039  
3.137      1.6468      0.030466 
3.1393     1.6979      0.030631 
3.1416     1.6977      0.030427 
3.1439     1.729       0.03029  
3.1462     1.6845      0.030618 
3.1485     1.7485      0.030507 
3.1508     1.6822      0.030909 
3.1531     1.6679      0.030972 
3.1554     1.7226      0.030861 
3.1577     1.6529      0.030521 
3.16       1.751       0.030158 
3.1624     1.7338      0.029839 
3.1647     1.734       0.029881 
3.167      1.6614      0.03007  
3.1693     1.708       0.030184 
3.1717     1.7131      0.030291 
3.174      1.7213      0.030297 
3.1763     1.7147      0.030368 
3.1787     1.8374      0.030078 
3.181      1.7492      0.030068 
3.1834     1.7985      0.030326 
3.1857     1.8362      0.030522 
3.1881     1.8233      0.030557 
3.1904     1.7868      0.030515 
3.1928     1.8158      0.030253 
3.1951     1.8326      0.030346 
3.1975     1.8832      0.030598 
3.1998     1.8835      0.030798 
3.2022     1.8624      0.030997 
3.2046     1.8907      0.031044 
3.2069     1.92        0.03105  
3.2093     1.9888      0.031351 
3.2117     1.9281      0.03161  
3.2141     1.9746      0.031299 
3.2164     1.9159      0.030685 
3.2188     1.9173      0.030692 
3.2212     1.961       0.030981 
3.2236     1.947       0.030657 
3.226      1.9403      0.030679 
3.2284     1.8698      0.030743 
3.2308     1.8289      0.031047 
3.2332     1.8483      0.031391 
3.2356     1.7838      0.03115  
3.238      1.7754      0.030649 
3.2404     1.7629      0.030313 
3.2428     1.7493      0.030127 
3.2452     1.6966      0.030345 
3.2476     1.7416      0.03049  
3.25       1.6429      0.030625 
3.2525     1.6868      0.030533 
3.2549     1.6668      0.030394 
3.2573     1.56        0.030073 
3.2597     1.6494      0.029851 
3.2622     1.6632      0.029784 
3.2646     1.6264      0.030507 
3.267      1.6047      0.030515 
3.2715     1.6029      0.018544 
3.278      1.5883      0.018525 
3.2846     1.6102      0.018523 
3.2911     1.5522      0.018402 
3.2977     1.5876      0.018204 
3.3043     1.5393      0.018065 
3.3109     1.5779      0.01814  
3.3176     1.5558      0.018217 
3.3242     1.572       0.018311 
3.3309     1.5373      0.01807  
3.3376     1.5558      0.01825  
3.3444     1.5278      0.018382 
3.3511     1.5534      0.018404 
3.3579     1.5405      0.018367 
3.3646     1.5439      0.018463 
3.3715     1.5095      0.018338 
3.3783     1.5277      0.018158 
3.3851     1.5757      0.018259 
3.392      1.5708      0.01832  
3.3989     1.5467      0.018336 
3.4058     1.5374      0.018203 
3.4127     1.5096      0.018209 
3.4197     1.524       0.018039 
3.4266     1.5171      0.018054 
3.4336     1.5306      0.018162 
3.4407     1.5308      0.018378 
3.4477     1.5225      0.018114 
3.4547     1.5046      0.018303 
3.4592     1.5424      0.036869 
3.4609     1.5386      0.03694  
3.4627     1.5012      0.036569 
3.4645     1.5111      0.036619 
3.4663     1.5429      0.03684  
3.468      1.4792      0.036902 
3.4698     1.5322      0.036931 
3.4716     1.4851      0.036851 
3.4734     1.5381      0.036723 
3.4752     1.5371      0.036877 
3.4769     1.586       0.036941 
3.4787     1.5394      0.036907 
3.4805     1.4757      0.037179 
3.4823     1.5243      0.03712  
3.4841     1.5804      0.037187 
3.4859     1.4869      0.036992 
3.4877     1.5742      0.037015 
3.4895     1.5948      0.037084 
3.4913     1.6041      0.037502 
3.4931     1.6689      0.037718 
3.4949     1.7051      0.037657 
3.4967     1.785       0.037777 
3.4985     1.8368      0.038107 
3.5003     1.91        0.038284 
3.5021     2.0809      0.038639 
3.5039     2.1464      0.039089 
3.5057     2.2648      0.039521 
3.5075     2.2615      0.039593 
3.5093     2.2039      0.039413 
3.5111     2.2569      0.03919  
3.5129     2.0398      0.0385   
3.5147     2.076       0.038056 
3.5165     1.9583      0.037813 
3.5184     1.9111      0.038057 
3.5202     1.9139      0.037913 
3.522      1.7511      0.037768 
3.5238     1.8085      0.037437 
3.5256     1.7932      0.037362 
3.5275     1.7188      0.037539 
3.5293     1.6907      0.037379 
3.5311     1.7562      0.03739  
3.5329     1.7704      0.037456 
3.5348     1.7354      0.037316 
3.5366     1.7924      0.037251 
3.5384     1.7633      0.037382 
3.5403     1.7332      0.037365 
3.5421     1.7759      0.037443 
3.5439     1.7798      0.037314 
3.5458     1.8043      0.037506 
3.5476     1.7468      0.037848 
3.5494     1.8473      0.038421 
3.5513     1.8436      0.038176 
3.5531     1.8275      0.038365 
3.555      1.8781      0.038315 
3.5568     1.9675      0.038451 
3.5587     1.923       0.038331 
3.5605     2.0419      0.038458 
3.5624     2.0745      0.038362 
3.5642     2.0382      0.038487 
3.5661     2.1067      0.038763 
3.5679     2.1309      0.039058 
3.5698     2.1562      0.039105 
3.5716     2.1822      0.039205 
3.5735     2.2002      0.039355 
3.5754     2.1115      0.039163 
3.5772     2.1495      0.039364 
3.5791     2.0145      0.039433 
3.5809     1.9671      0.039388 
3.5828     1.9671      0.038787 
3.5847     1.8317      0.038526 
3.5865     1.8543      0.038243 
3.5884     1.8664      0.038125 
3.5903     1.818       0.037687 
3.5922     1.8324      0.037899 
3.594      1.7977      0.038242 
3.5959     1.8214      0.038014 
3.5978     1.7342      0.037976 
3.5997     1.7097      0.037945 
3.6015     1.6769      0.038115 
3.6034     1.6971      0.038135 
3.6053     1.7093      0.038014 
3.6072     1.6863      0.037967 
3.6091     1.6484      0.037664 
3.611      1.6523      0.037918 
3.6129     1.68        0.037779 
3.6148     1.6241      0.037945 
3.6166     1.7009      0.038345 
3.6185     1.685       0.037988 
3.6204     1.655       0.037962 
3.6238     1.6514      0.023992 
3.6285     1.6514      0.024075 
3.6333     1.6828      0.024066 
3.638      1.6324      0.023893 
3.6428     1.6792      0.02408  
3.6476     1.6534      0.024003 
3.6524     1.6096      0.023937 
3.6572     1.6688      0.024093 
3.662      1.6523      0.024306 
3.6669     1.6266      0.024258 
3.6717     1.6876      0.02406  
3.6765     1.6565      0.02415  
3.6814     1.6634      0.024158 
3.6863     1.6676      0.024239 
3.6911     1.6276      0.024312 
3.696      1.6866      0.024322 
3.7009     1.6535      0.024364 
3.7058     1.6823      0.024207 
3.7107     1.6935      0.024359 
3.7157     1.6162      0.024433 
3.7206     1.6851      0.024377 
3.7256     1.704       0.024618 
3.7305     1.7005      0.024543 
3.7355     1.6822      0.02463  
3.7404     1.7119      0.024467 
3.7454     1.6108      0.024336 
3.7504     1.7362      0.024467 
3.7554     1.6939      0.024637 
3.7604     1.7217      0.025015 
3.7655     1.7261      0.025105 
3.7705     1.7238      0.024998 
3.7755     1.7242      0.025053 
3.7806     1.7099      0.024967 
3.7857     1.742       0.024978 
3.7907     1.7126      0.025436 
3.7958     1.7399      0.025463 
3.8009     1.7223      0.025195 
3.806      1.7474      0.025085 
3.8111     1.7134      0.02498  
3.8163     1.6946      0.024986 
3.8214     1.7559      0.024973 
3.8265     1.7307      0.024977 
3.8317     1.7765      0.025203 
3.8369     1.7787      0.025316 
3.842      1.7824      0.025265 
3.8472     1.8189      0.025343 
3.8524     1.821       0.025481 
3.8576     1.8057      0.025426 
3.8629     1.7989      0.025513 
3.8681     1.7857      0.025452 
3.8733     1.859       0.025371 
3.8786     1.859       0.025472 
3.8839     1.8354      0.025421 
3.8891     1.8101      0.02537  
3.8944     1.8318      0.025423 
3.8997     1.8389      0.025474 
3.905      1.8797      0.025442 
3.9082     1.9363      0.056937 
3.9093     1.8639      0.056796 
3.9103     1.8359      0.056633 
3.9114     1.9547      0.057299 
3.9125     1.8624      0.056953 
3.9135     1.8595      0.057253 
3.9146     1.9007      0.057452 
3.9157     1.7675      0.057327 
3.9167     1.7253      0.057523 
3.9178     1.853       0.057931 
3.9189     2.094       0.058124 
3.9199     1.9324      0.057903 
3.921      2.0306      0.057834 
3.9221     1.8393      0.058038 
3.9231     1.8468      0.05773  
3.9242     1.9462      0.058027 
3.9253     1.8874      0.05776  
3.9264     1.8244      0.057789 
3.9274     1.9339      0.05786  
3.9285     1.9437      0.056911 
3.9296     1.8593      0.058054 
3.9306     1.957       0.057332 
3.9317     1.8762      0.057614 
3.9328     1.945       0.057725 
3.9339     1.8851      0.058245 
3.9349     1.8671      0.057929 
3.936      1.8997      0.058429 
3.9371     1.917       0.057879 
3.9382     2.0116      0.057586 
3.9392     1.9624      0.058166 
3.9403     2.0551      0.05887  
3.9414     1.9707      0.059219 
3.9425     1.9768      0.059059 
3.9435     1.7988      0.058605 
3.9446     1.8576      0.057945 
3.9457     1.9363      0.058505 
3.9468     1.9213      0.059022 
3.9479     1.8831      0.058675 
3.9489     1.9063      0.058215 
3.95       1.8726      0.05817  
3.9533     1.8888      0.025962 
3.9587     1.8981      0.025941 
3.9641     1.8994      0.026141 
3.9695     1.9043      0.026223 
3.975      1.9102      0.026064 
3.9805     1.9058      0.026355 
3.9859     1.9162      0.026248 
3.9914     1.9299      0.026045 
3.9953     1.9296      0.041252 
3.9975     1.9552      0.041599 
3.9997     1.8834      0.041523 
4.0019     1.9676      0.041588 
4.0041     1.8677      0.041403 
4.0063     1.9371      0.041432 
4.0085     1.9324      0.041231 
4.0107     1.968       0.041387 
4.0129     2.0256      0.041405 
4.0151     1.9473      0.041871 
4.0173     1.986       0.042335 
4.0196     1.9434      0.042014 
4.0218     2.0029      0.041944 
4.024      1.9553      0.04182  
4.0262     2.0452      0.041665 
4.0285     1.9631      0.041328 
4.0307     1.9579      0.041597 
4.0329     2.0715      0.041773 
4.0351     2.0101      0.042083 
4.0374     2.0669      0.041998 
4.0396     2.0645      0.042423 
4.0418     2.0847      0.042457 
4.0441     2.1105      0.042619 
4.0463     2.085       0.043127 
4.0486     2.1584      0.042841 
4.0508     2.0752      0.042967 
4.0531     2.122       0.043025 
4.0553     2.2304      0.043394 
4.0576     2.2213      0.042755 
4.0598     2.1896      0.042599 
4.0621     2.1968      0.042896 
4.0643     2.1749      0.042909 
4.0666     2.1817      0.042892 
4.0688     2.1304      0.042606 
4.0711     2.158       0.042885 
4.0734     2.0832      0.042463 
4.0756     2.027       0.04233  
4.0779     2.0813      0.042165 
4.0802     2.0695      0.042051 
4.0824     1.9592      0.042513 
4.0847     2.088       0.042156 
4.087      2.0269      0.042167 
4.0892     2.1528      0.041905 
4.0915     1.9912      0.042015 
4.0938     2.0165      0.042197 
4.0978     2.0756      0.026841 
4.1035     2.0632      0.026643 
4.1092     2.036       0.026832 
4.115      2.0904      0.026913 
4.1207     2.1119      0.026997 
4.1265     2.1048      0.026859 
4.1323     2.1739      0.027261 
4.1381     2.1622      0.027431 
4.1439     2.1582      0.02749  
4.1497     2.1897      0.027325 
4.1555     2.2606      0.027303 
4.1614     2.2542      0.027545 
4.1672     2.3119      0.027555 
4.1731     2.2901      0.027469 
4.1789     2.2867      0.027641 
4.1848     2.3392      0.027747 
4.1907     2.3937      0.027648 
4.1966     2.3276      0.027696 
4.2026     2.2965      0.027574 
4.2085     2.3441      0.027659 
4.2145     2.3375      0.02742  
4.2204     2.2963      0.02718  
4.2264     2.2804      0.027305 
4.2324     2.305       0.027561 
4.2384     2.248       0.027531 
4.2444     2.2075      0.027386 
4.2504     2.2117      0.027395 
4.2565     2.1731      0.02763  
4.2625     2.2058      0.027931 
4.2686     2.119       0.028065 
4.2747     2.1171      0.029276 
4.2808     2.0383      0.030642 
4.2869     2.0007      0.030505 
4.293      2.0237      0.030153 
4.2991     1.986       0.030162 
4.3053     1.9625      0.030089 
4.3114     1.8342      0.030235 
4.3176     1.9377      0.030297 
4.3238     1.8542      0.030128 
4.33       1.8487      0.030072 
4.3362     1.8339      0.030267 
4.3399     1.805       0.067384 
4.3412     1.7576      0.067107 
4.3424     1.9217      0.067509 
4.3436     1.9436      0.067297 
4.3449     1.8159      0.067294 
4.3461     1.8214      0.066919 
4.3474     1.86        0.067354 
4.3486     1.7123      0.068724 
4.3499     1.8748      0.068124 
4.3511     1.7967      0.068102 
4.3524     1.7959      0.068274 
4.3536     1.8663      0.068188 
4.3549     1.7602      0.06828  
4.3561     1.8029      0.068252 
4.3574     1.7871      0.067325 
4.3586     1.8583      0.067364 
4.3599     1.9708      0.067631 
4.3612     1.8916      0.06718  
4.3624     1.941       0.06728  
4.3637     1.9519      0.067279 
4.3649     1.8027      0.066533 
4.3662     1.7082      0.067347 
4.3674     1.7854      0.067789 
4.3687     1.7344      0.067392 
4.3699     1.7422      0.06658  
4.3712     1.6588      0.066956 
4.3725     1.8028      0.066803 
4.3737     1.7215      0.066547 
4.375      1.6623      0.065988 
4.3762     1.7687      0.066589 
4.3775     1.7404      0.066663 
4.3788     1.8434      0.066209 
4.38       1.5987      0.066473 
4.3813     1.7075      0.066902 
4.3826     1.5352      0.067279 
4.3863     1.7266      0.029826 
4.3927     1.694       0.029603 
4.399      1.7366      0.029613 
4.4054     1.6347      0.02968  
4.4118     1.6525      0.029657 
4.4181     1.6971      0.029317 
4.4246     1.6117      0.029012 
4.431      1.6288      0.028967 
4.4374     1.6141      0.029216 
4.4438     1.5832      0.029134 
4.4503     1.6105      0.029234 
4.4568     1.5869      0.029441 
4.4633     1.6336      0.029581 
4.4698     1.6079      0.029489 
4.4763     1.6755      0.029586 
4.4828     1.6982      0.029703 
4.4893     1.6454      0.029502 
4.4959     1.656       0.029452 
4.4998     1.6371      0.065886 
4.5012     1.7405      0.065531 
4.5025     1.6104      0.064802 
4.5038     1.4723      0.065359 
4.5051     1.5962      0.066234 
4.5064     1.6408      0.0654   
4.5077     1.522       0.066005 
4.5091     1.6602      0.066421 
4.5104     1.797       0.066404 
4.5117     1.7838      0.066078 
4.513      1.8007      0.065623 
4.5143     1.8213      0.066029 
4.5157     1.6954      0.06588  
4.517      1.7219      0.065991 
4.5183     1.6039      0.065699 
4.5196     1.5909      0.06615  
4.521      1.582       0.065476 
4.5223     1.6467      0.065863 
4.5236     1.5693      0.065453 
4.5249     1.576       0.066711 
4.5263     1.6121      0.066468 
4.5276     1.6652      0.066358 
4.5289     1.6171      0.066287 
4.5302     1.6991      0.065965 
4.5316     1.704       0.065301 
4.5329     1.5929      0.065237 
4.5342     1.6765      0.065175 
4.5369     1.616       0.037922 
4.5409     1.6382      0.03807  
4.5449     1.6122      0.038143 
4.5489     1.6027      0.038074 
4.5529     1.6683      0.038013 
4.5569     1.652       0.037644 
4.5609     1.7092      0.038046 
4.565      1.5987      0.038181 
4.569      1.6621      0.037954 
4.573      1.6312      0.037918 
4.5771     1.6474      0.03795  
4.5811     1.7187      0.03808  
4.5852     1.6704      0.038093 
4.5892     1.8091      0.038614 
4.5933     1.7674      0.039191 
4.5974     1.8468      0.03915  
4.6015     1.7868      0.038899 
4.6055     1.7767      0.038646 
4.6096     1.8308      0.038772 
4.6137     1.8272      0.038539 
4.6178     1.8244      0.03857  
4.6219     1.7192      0.03842  
4.626      1.7502      0.038175 
4.6301     1.6498      0.03832  
4.6343     1.6905      0.038411 
4.6384     1.5979      0.0381   
4.6425     1.5474      0.037893 
4.6467     1.5303      0.038017 
4.6508     1.5378      0.037869 
4.6549     1.5793      0.037665 
4.6591     1.5047      0.037652 
4.6633     1.4467      0.037669 
4.6674     1.4138      0.037482 
4.6716     1.4038      0.037246 
4.6758     1.3682      0.037265 
4.6799     1.3767      0.037014 
4.6841     1.3608      0.037229 
4.6883     1.4247      0.037053 
4.6925     1.3111      0.037028 
4.6967     1.3187      0.037214 
4.7009     1.348       0.037017 
4.7052     1.2848      0.036861 
4.7094     1.2291      0.037087 
4.7136     1.2419      0.036741 
4.7178     1.2025      0.036786 
4.7221     1.2347      0.03665  
4.7263     1.17        0.036597 
4.7306     1.2003      0.036729 
4.7348     1.1813      0.036422 
4.7391     1.1371      0.036325 
4.7433     1.1747      0.03632  
4.7462     1.1451      0.0622   
4.7476     1.2088      0.06254  
4.749      1.1489      0.062939 
4.7505     1.1551      0.062767 
4.7519     1.0945      0.062331 
4.7533     1.1385      0.062633 
4.7548     1.0929      0.062669 
4.7562     1.0797      0.061736 
4.7576     1.0428      0.062816 
4.759      1.196       0.062266 
4.7605     1.1232      0.063499 
4.7619     1.1421      0.062594 
4.7633     1.1285      0.063306 
4.7648     1.1606      0.063685 
4.7662     1.2224      0.062869 
4.7676     1.2318      0.063034 
4.7691     1.1625      0.063167 
4.7705     1.19        0.063056 
4.7719     1.1302      0.063475 
4.7734     1.1288      0.063079 
4.7748     0.98414     0.063098 
4.7762     1.0856      0.063074 
4.7777     1.1256      0.062916 
4.7791     1.0665      0.063225 
4.7806     0.96377     0.062696 
4.782      1.0622      0.063093 
4.7834     1.0956      0.062317 
4.7849     1.086       0.062306 
4.7863     0.94254     0.06265  
4.7878     1.1471      0.062706 
4.7892     1.0228      0.062972 
4.7907     1.006       0.063199 
4.7921     1.1291      0.062993 
4.7936     1.0697      0.062406 
4.795      1.1308      0.062767 
4.7964     1.012       0.063068 
4.7979     1.1062      0.0633   
4.7993     1.0385      0.062972 
4.8008     1.0843      0.062938 
4.8022     1.1499      0.062423 
4.8037     1.0139      0.06263  
4.8051     1.0387      0.063436 
4.8066     1.1262      0.062646 
4.808      1.1601      0.062812 
4.8095     0.99781     0.063036 
4.811      1.0175      0.062747 
4.8124     1.0546      0.063275 
4.8139     1.1197      0.06321  
4.8153     1.011       0.063173 
4.8168     1.087       0.062619 
4.8182     0.90122     0.06339  
4.8197     1.0632      0.06283  
4.8211     1.0103      0.063629 
4.8226     1.0372      0.063469 
4.8241     0.98932     0.063094 
4.8255     0.90425     0.06376  
4.827      1.0059      0.063026 
4.8284     0.90941     0.062102 
4.8299     0.90465     0.063584 
4.8314     0.98919     0.063306 
4.8328     0.98742     0.063379 
4.8343     1.0262      0.062292 
4.8358     1.0536      0.06241  
4.8372     1.0004      0.062464 
4.8387     0.96838     0.062629 
4.8402     0.90733     0.063111 
4.8416     1.0078      0.062335 
4.8431     0.95327     0.063003 
4.8446     1.1214      0.062708 
4.846      1.042       0.063139 
4.8475     1.0203      0.06278  
4.849      0.89762     0.063288 
4.8504     1.1033      0.06249  
4.8519     1.0807      0.063277 
4.8534     1.0785      0.062556 
4.8549     1.0715      0.062813 
4.8563     1.0638      0.063955 
4.8578     0.90366     0.063895 
4.8593     1.0469      0.063144 
4.8608     1.0116      0.062529 
4.8622     1.0623      0.062904 
4.8637     1.0739      0.062835 
4.8652     1.0081      0.063087 
4.8667     1.0251      0.063621 
4.8682     1.0258      0.062581 
4.8696     1.048       0.062566 
4.8711     1.0323      0.06319  
4.8726     0.96683     0.062611 
4.8741     1.0177      0.062985 
4.8756     0.94937     0.062994 
4.877      1.0506      0.062825 
4.8785     1.0633      0.062266 
4.88       0.83239     0.063446 
4.8815     1.0549      0.062388 
4.883      0.92404     0.062857 
4.8845     1.038       0.062331 
4.886      0.93549     0.062396 
4.8874     1.0123      0.062415 
4.8889     0.96676     0.062699 
4.8904     1.059       0.062302 
4.8919     1.0121      0.062192 
4.8934     0.99304     0.063601 
4.8949     0.9973      0.06206  
4.8964     1.104       0.06233  
4.8979     1.0389      0.062627 
4.8994     1.0704      0.063456 
4.9009     1.1267      0.063556 
4.9024     1.0862      0.062536 
4.9039     1.1305      0.062725 
4.9054     1.0535      0.062888 
4.9069     1.1114      0.062753 
4.9084     0.99779     0.062785 
4.9099     1.0615      0.063664 
4.9114     1.1072      0.061986 
4.9129     0.95739     0.063185 
4.9144     1.0474      0.062847 
4.9159     0.97556     0.062943 
4.9174     1.0178      0.062191 
4.9189     1.1119      0.063148 
4.9204     1.0223      0.062918 
4.9219     1.1434      0.062589 
4.9234     1.125       0.062862 
4.9249     0.97151     0.062683 
4.9264     1.0269      0.062664 
4.9279     1.0164      0.062958 
4.9294     1.0298      0.06143  
4.9309     1.093       0.061588 
4.9324     1.0743      0.060939 
4.9339     1.1222      0.060367 
4.9354     1.0853      0.060541 
4.9369     0.99849     0.061137 
4.9385     1.0657      0.060612 
4.94       1.0807      0.061526 
4.9415     1.1191      0.062425 
4.943      1.0454      0.062474 
4.9445     1.0833      0.062608 
4.946      1.043       0.062795 
4.9475     1.1516      0.062863 
4.9491     1.0543      0.063241 
4.9506     1.0553      0.062818 
4.9521     1.0489      0.06257  
4.9536     0.93678     0.062461 
4.9551     1.0899      0.062535 
4.9567     1.0478      0.063087 
4.9605     1.0011      0.031374 
4.9666     1.0337      0.031333 
4.9727     1.0442      0.031432 
4.9788     1.0076      0.031429 
4.9849     1.0976      0.031537 
4.991      1.1143      0.031466 
4.9972     1.0412      0.031739 
5.0034     1.0989      0.031653 
5.0095     1.1336      0.031612 
5.0157     1.1776      0.031581 
5.0219     1.1565      0.031729 
5.0281     1.1761      0.031749 
5.0343     1.2036      0.031782 
5.0406     1.2031      0.031964 
5.0468     1.2351      0.031914 
5.0531     1.2564      0.032161 
5.0593     1.1876      0.032226 
5.0656     1.3141      0.032213 
5.0719     1.2569      0.03235  
5.0782     1.2849      0.03219  
5.0845     1.3232      0.0324   
5.0909     1.369       0.032168 
5.0972     1.4292      0.032284 
5.1035     1.3299      0.032303 
5.1099     1.4481      0.032365 
5.1163     1.4663      0.032658 
5.1227     1.4629      0.033012 
5.1291     1.5013      0.032829 
5.1355     1.4811      0.03273  
5.1419     1.484       0.032692 
5.1483     1.4796      0.032892 
5.1548     1.5116      0.032628 
5.1612     1.4996      0.032678 
5.1677     1.4628      0.032678 
5.1742     1.5026      0.032609 
5.1807     1.5112      0.033108 
5.1872     1.4577      0.032888 
5.1937     1.4855      0.032832 
5.2002     1.4839      0.032832 
5.2068     1.5111      0.032984 
5.2133     1.552       0.032658 
5.2199     1.4993      0.032672 
5.2265     1.5054      0.032723 
5.2331     1.5289      0.032598 
5.2397     1.4946      0.032811 
5.2463     1.5655      0.032819 
5.2529     1.5429      0.032717 
5.2596     1.5462      0.032739 
5.2662     1.5491      0.032706 
5.2729     1.5426      0.032925 
5.2796     1.5137      0.032784 
5.2863     1.5112      0.032644 
5.29253      1.52627     0.0002687
5.34572      1.50507     0.0002212
5.39945      1.46195     0.0002302
5.45371      1.44604     0.0002668
5.50852      1.46403     0.0002683
5.56389      1.57614     0.0002577
5.6198       1.5149      0.0002548
5.67628      1.45044     0.0002482
5.73333      1.38544     0.0002617
5.79095      1.34329     0.0002619
5.84915      1.31965     0.000247 
5.90794      1.40629     0.0002021
5.96732      1.39876     0.0002234
6.02729      1.39504     0.0002239
6.08787      1.39715     0.000223 
6.14905      1.49777     0.0002537
6.21085      1.53986     0.0002693
6.27327      1.43278     0.0002417
6.33632      1.30264     0.0002408
6.4          1.33052     0.0002343
6.46432      1.31028     0.0002054
6.52929      1.35412     0.0002354
6.59491      1.33901     0.0002367
6.66119      1.27826     0.0002769
6.72814      1.24824     0.0002491
6.79576      1.20418     0.0002549
6.86406      1.17082     0.0002437
6.93304      1.15826     0.0002472
7.00272      1.2042      0.000271 
7.0731       1.25802     0.0002739
7.14419      1.36423     0.0002918
7.21599      1.48232     0.0002714
7.28851      1.52155     0.0002718
7.36176      1.60627     0.0003029
7.43575      1.66733     0.0002911
7.51048      1.49452     0.0002832
7.58596      1.39423     0.0002577
7.6622       1.37768     0.0002525
7.73921      1.43761     0.0002825
7.81699      1.51154     0.000291 
7.89555      1.59556     0.0003075
7.9749       1.47415     0.0002693
8.05505      1.31947     0.0003104
8.13601      1.30087     0.0003157
8.21778      1.27369     0.000335 
8.30037      1.23673     0.0003248
8.38379      1.22476     0.0003115
8.46805      1.24569     0.0003147
8.55316      1.25095     0.0003088
8.63912      1.28511     0.0003169
8.72594      1.30307     0.0003183
8.81364      1.26596     0.00034  
8.90222      1.25328     0.0003573
8.99169      1.2641      0.000364 
9.08206      1.26889     0.0003632
9.17333      1.25905     0.0003551
9.26553      1.25413     0.0003645
9.35865      1.26548     0.000355 
9.45271      1.28505     0.0003484
9.54771      1.30134     0.0003445
9.64366      1.28597     0.0003511
9.74059      1.30437     0.0003519
9.83848      1.31119     0.0003495
9.93736      1.33424     0.0003597
10.0372      1.38008     0.0003471
10.1381      1.41003     0.0003665
10.24        1.42457     0.0003826
10.3429      1.43538     0.0003772
10.4469      1.3925      0.0003666
10.5519      1.38782     0.000369 
10.6579      1.41765     0.0003552
10.765       1.43045     0.0003794
10.8732      1.39414     0.0003873
10.9825      1.36518     0.0003766
11.0929      1.36659     0.0003647
11.2044      1.36731     0.0003722
11.317       1.36296     0.0003735
11.4307      1.37146     0.0003807
11.5456      1.41822     0.0003789
11.6616      1.45257     0.0003858
11.7788      1.44372     0.0003705
11.8972      1.49576     0.0003851
12.0168      1.49893     0.0003941
12.1375      1.49929     0.0003896
12.2595      1.52271     0.0003894
12.3827      1.53798     0.0003837
12.5072      1.54669     0.0003821
12.6329      1.55414     0.0003822
12.7599      1.55208     0.0004049
12.8881      1.54249     0.0003989
13.0176      1.54613     0.0003988
13.1484      1.54911     0.0003984
13.2806      1.55794     0.0004174
13.4141      1.53209     0.000409 
13.5489      1.54577     0.0004045
13.6851      1.52699     0.0004107
13.8226      1.53344     0.0004141
13.9615      1.56125     0.0004172
14.1018      1.57195     0.0004213
14.2436      1.55001     0.0004235
14.3867      1.55959     0.0004255
14.5313      1.56814     0.0004354
14.6773      1.58182     0.0004327
14.8249      1.58575     0.0004306
14.9738      1.54752     0.0004349
15.1243      1.56332     0.0004419
15.2763      1.55755     0.0004325
15.4299      1.56057     0.0004384
15.5849      1.57117     0.000449 
15.7416      1.5773      0.0004447
15.8998      1.57433     0.0004511
16.0596      1.55885     0.0004515
16.221       1.55523     0.0004577
16.384       1.55685     0.0004636
16.5487      1.56568     0.0004583
16.715       1.55702     0.0004583
16.883       1.55961     0.0004561
17.0527      1.57604     0.0004571
17.224       1.59344     0.0004569
17.3971      1.57562     0.0004611
17.572       1.57227     0.000461 
17.7486      1.58235     0.0004652
17.927       1.58399     0.0004613
18.1071      1.54363     0.0004694
18.2891      1.57217     0.0004636
18.4729      1.52984     0.0004631
18.6586      1.54018     0.000465 
18.8461      1.53288     0.0004644
19.0355      1.55544     0.0004584
19.2268      1.54828     0.00046  
19.4201      1.52462     0.0004538
19.6152      1.55531     0.000455 
19.8124      1.55808     0.0004512
20.0115      1.55449     0.0004489
20.2126      1.55423     0.0004449
20.4158      1.54217     0.0004536
20.621       1.54705     0.0004494
20.8282      1.53216     0.0004455
21.0375      1.55249     0.0004498
21.249       1.54846     0.0004408
21.4625      1.50742     0.0004418
21.6782      1.53529     0.000442 
21.8961      1.5174      0.0004368
22.1162      1.52339     0.0004329
22.3384      1.53797     0.00043  
22.5629      1.52795     0.0004292
22.7897      1.5192      0.0004236
23.0187      1.53081     0.0004173
23.2501      1.52848     0.0004174
23.4838      1.5278      0.0004142
23.7198      1.53747     0.0004109
23.9582      1.47355     0.0004058
24.1989      1.49313     0.0004017
24.4422      1.507       0.0004039
24.6878      1.47608     0.0004002
24.9359      1.5026      0.0003989
25.1865      1.49095     0.000395 
25.4397      1.47195     0.0003942
25.6953      1.47174     0.0003927
25.9536      1.49307     0.0003834
26.2144      1.46036     0.0003874
26.4779      1.44839     0.0003882
26.744       1.4383      0.0003862
27.0128      1.45399     0.0003877
27.2843      1.44049     0.0003817
27.5585      1.45543     0.0003795
27.8354      1.42727     0.000381 
28.1152      1.44593     0.000381 
28.3978      1.40393     0.0003825
28.6832      1.40394     0.000377 
28.9714      1.41824     0.0003812
29.2626      1.43294     0.0003809
29.5567      1.40092     0.0003825
29.8538      1.41187     0.0003835
30.1538      1.40685     0.0003885
30.4569      1.38439     0.0003807
30.7629      1.3851      0.0003845
31.0721      1.36928     0.0003874
31.3844      1.3725      0.000385 
31.6998      1.38214     0.0003902
32.0184      1.36718     0.0003855
32.3402      1.36323     0.0003886
32.6652      1.3729      0.0003856
32.9935      1.3549      0.0003893
33.3251      1.33386     0.000387 
33.66        1.34656     0.0003871
33.9983      1.32363     0.0003883
34.34        1.35295     0.0003877
34.6852      1.32775     0.000388 
35.0337      1.3156      0.0003932
35.3858      1.2947      0.0003941
35.7415      1.29822     0.0003937
36.1007      1.29027     0.0003938
36.4635      1.27293     0.000396 
36.83        1.26476     0.0003958
37.2001      1.28214     0.0003987
37.574       1.26428     0.000401 
37.9516      1.28698     0.0004038
38.3331      1.24379     0.0004039
38.7183      1.24469     0.0004055
39.1074      1.25475     0.0004047
39.5005      1.25189     0.0004136
39.8975      1.22096     0.0004167
40.2984      1.20669     0.0004148
40.7035      1.21168     0.0004162
41.1125      1.19638     0.0004216
41.5257      1.2138      0.000418 
41.9431      1.18102     0.0004232
42.3646      1.17344     0.0004248
42.7904      1.17533     0.0004298
43.2204      1.17766     0.0004353
43.6548      1.15651     0.0004354
44.0936      1.15575     0.0004416
44.5367      1.15547     0.0004438
44.9843      1.12349     0.0004509
45.4364      1.13219     0.0004483
45.8931      1.12686     0.0004533
46.3543      1.101       0.0004596
46.8202      1.10253     0.0004595
47.2907      1.10148     0.000473 
47.766       1.08366     0.0004764
48.2461      1.07996     0.00048  
48.731       1.08463     0.0004816
49.2207      1.05864     0.0004832
49.7154      1.07396     0.0004928
50.2151      1.06601     0.000498 
50.7197      1.02986     0.0005038
51.2295      1.03298     0.0005115
51.7443      1.04381     0.0005135
52.2644      1.0164      0.0005217
52.7896      1.02771     0.0005255
53.3202      0.995451    0.0005356
53.8561      0.99639     0.0005443
54.3973      0.987792    0.0005547
54.944       0.973178    0.0005575
55.4963      0.973985    0.000571 
56.054       0.955119    0.0005754
56.6174      0.954725    0.0005798
57.1864      0.940505    0.0005891
57.7611      0.933001    0.000595 
58.3416      0.935493    0.0006086
58.928       0.924421    0.0006177
59.5202      0.918858    0.0006255
60.1184      0.920831    0.0006373
60.7226      0.902234    0.0006398
61.3329      0.903404    0.0006512
61.9493      0.878176    0.0006608
62.5719      0.88605     0.0006714
63.2008      0.879435    0.000684 
63.8359      0.861828    0.0006921
64.4775      0.856833    0.0007082
65.1255      0.852531    0.0007167
65.7801      0.829531    0.0007293
66.4412      0.830096    0.0007456
67.1089      0.804358    0.0007563
67.7834      0.818712    0.0007686
68.4646      0.806273    0.0007912
69.1527      0.779755    0.0007943
69.8477      0.797083    0.0008078
70.5497      0.77364     0.0008357
71.2587      0.775909    0.0008317
71.9749      0.762369    0.0008562
72.6982      0.749614    0.0008842
73.4289      0.765557    0.0008815
74.1669      0.748586    0.0008945
74.9123      0.735716    0.0009155
75.6651      0.739157    0.000928 
76.4256      0.730223    0.0009402
77.1937      0.715667    0.0009807
77.9695      0.696311    0.0009942
78.7531      0.704882    0.0009903
79.5446      0.702527    0.001023 
80.344       0.688898    0.001057 
81.1515      0.677001    0.001066 
81.9671      0.675803    0.001084 
82.7909      0.671883    0.001109 
83.623       0.664161    0.001128 
84.4634      0.647654    0.001162 
85.3123      0.647106    0.001169 
86.1697      0.636894    0.001194 
87.0357      0.621777    0.001209 
87.9104      0.628639    0.001248 
88.794       0.628152    0.001272 
89.6864      0.617496    0.001279 
90.5877      0.606156    0.001308 
91.4982      0.604239    0.001328 
92.4178      0.594431    0.001363 
93.3466      0.580572    0.001384 
94.2847      0.576979    0.001409 
95.2323      0.580062    0.001435 
96.1894      0.58422     0.001459 
97.1562      0.558619    0.001518 
98.1326      0.57234     0.001511 
99.1188      0.5653      0.001555 
100.115      0.546583    0.001584 
101.121      0.538422    0.001612 
102.137      0.537464    0.001642 
103.164      0.534358    0.001688 
104.201      0.525661    0.001737 
105.248      0.523226    0.001701 
106.306      0.515288    0.001756 
107.374      0.497868    0.001802 
108.453      0.507477    0.001825 
109.543      0.503107    0.001876 
110.644      0.495149    0.001918 
111.756      0.491309    0.001929 
112.879      0.490272    0.001996 
114.014      0.478783    0.002009 
115.16       0.478978    0.00205  
116.317      0.467757    0.002109 
117.486      0.473183    0.002128 
118.667      0.477629    0.002167 
119.86       0.456243    0.002192 
121.064      0.446025    0.002247 
122.281      0.451529    0.002256 
123.51       0.451844    0.002303 
124.751      0.439009    0.002338 
126.005      0.441908    0.002373 
127.271      0.439824    0.00241  
128.551      0.421656    0.002449 
129.842      0.425808    0.002475 
131.147      0.417193    0.002562 
132.465      0.422378    0.002546 
133.797      0.418161    0.002589 
135.141      0.410876    0.002658 
136.5        0.410441    0.002693 
137.872      0.406648    0.002745 
139.257      0.402385    0.002785 
140.657      0.396503    0.002857 
142.07       0.394593    0.002876 
143.498      0.385449    0.002893 
144.94       0.387607    0.002939 
146.397      0.379852    0.003013 
147.868      0.384086    0.003    
149.355      0.373524    0.003083 
150.856      0.382809    0.003106 
152.372      0.363857    0.003109 
153.903      0.3651      0.003218 
155.45       0.375936    0.00319  
157.012      0.364508    0.003297 
158.59       0.361278    0.003276 
160.184      0.367148    0.003288 
161.794      0.358377    0.003363 
163.42       0.347463    0.003443 
165.062      0.34385     0.003498 
166.721      0.350827    0.003548 
168.397      0.34783     0.003538 
170.089      0.34976     0.003597 
171.799      0.347684    0.00355  
173.525      0.336145    0.003646 
175.269      0.338439    0.003696 
177.031      0.336787    0.003729 
178.81       0.345869    0.003725 
180.607      0.340907    0.003768 
182.422      0.326863    0.003859 
184.256      0.330678    0.003904 
186.107      0.336363    0.003978 
187.978      0.330217    0.003939 
189.867      0.326772    0.004082 
191.775      0.326876    0.00399  
193.703      0.327244    0.004    
195.65       0.324139    0.004099 
197.616      0.320132    0.004102 
199.602      0.321798    0.00416  
201.608      0.322228    0.004187 
203.634      0.32723     0.004156 
205.681      0.315958    0.004231 
207.748      0.320897    0.004316 
209.836      0.308351    0.004397 
211.945      0.316847    0.004319 
214.075      0.311633    0.00438  
216.226      0.315231    0.004409 
218.399      0.30803     0.004437 
220.594      0.305479    0.004525 
222.811      0.315835    0.004492 
225.051      0.31403     0.004522 
227.313      0.317511    0.004528 
229.597      0.308651    0.004538 
231.905      0.306995    0.004575 
234.235      0.312157    0.004658 
236.589      0.303348    0.004711 
238.967      0.298774    0.004587 
241.369      0.311037    0.00467  
243.795      0.306344    0.004744 
246.245      0.302027    0.004705 
248.72       0.302374    0.00477  
251.22       0.304767    0.004711 
253.744      0.299505    0.004783 
256.295      0.301671    0.004795 
258.87       0.306816    0.004855 
261.472      0.307429    0.004853 
264.1        0.304822    0.004858 
266.754      0.300054    0.004845 
269.435      0.302075    0.004891 
272.143      0.297695    0.004931 
274.878      0.29961     0.004916 
277.641      0.296538    0.004965 
280.431      0.298627    0.004919 
283.25       0.301394    0.004941 
286.096      0.306082    0.004966 
288.972      0.300131    0.005003 
291.876      0.300451    0.004977 
294.809      0.293957    0.005014 
297.772      0.299419    0.004892 
300.765      0.303275    0.005072 
303.788      0.303095    0.005104 
306.841      0.292939    0.005105 
309.925      0.302204    0.005035 
313.039      0.29054     0.005101 
316.186      0.305349    0.005054 
319.363      0.310671    0.005055 
322.573      0.30196     0.005156 
325.815      0.302774    0.00508  
329.089      0.309344    0.004923 
332.397      0.296247    0.005107 
335.738      0.306089    0.005059 
339.112      0.302917    0.00516  
342.52       0.306453    0.00507  
345.962      0.302635    0.005138 
349.439      0.306917    0.00511  
352.951      0.307286    0.005015 
356.498      0.314806    0.005075 
360.081      0.299184    0.005111 
363.7        0.305477    0.005009 
367.356      0.313725    0.005159 
371.048      0.304687    0.005082 
374.777      0.318066    0.004995 
378.543      0.318872    0.005024 
382.348      0.310271    0.004983 
386.19       0.306688    0.00509  
390.072      0.31426     0.005022 
393.992      0.312112    0.00497  
397.952      0.320436    0.005067 
401.951      0.321269    0.004999 
405.991      0.315754    0.004962 
410.071      0.313499    0.00495  
414.193      0.317202    0.004869 
418.355      0.3337      0.004871 
422.56       0.316903    0.004914 
426.807      0.317881    0.004883 
431.096      0.317618    0.004852 
435.429      0.30952     0.004954 
439.805      0.324383    0.004857 
444.225      0.323121    0.004815 
448.69       0.321179    0.004816 
453.199      0.32267     0.004821 
457.754      0.325613    0.004814 
462.354      0.321312    0.004776 
467.001      0.320039    0.004829 
471.695      0.328462    0.004895 
476.435      0.321304    0.004901 
481.224      0.339587    0.004742 
486.06       0.342205    0.004745 
490.945      0.336006    0.004759 
495.879      0.339956    0.004744 
500.863      0.338508    0.004668 
505.897      0.337765    0.004706 
510.981      0.351198    0.004802 
516.117      0.33646     0.004831 
521.304      0.338342    0.004836 
526.543      0.34178     0.004853 
531.835      0.349222    0.004893 
537.18       0.345223    0.004934 
542.579      0.349568    0.005086 
548.032      0.340961    0.005107 
553.539      0.35373     0.005256 
559.103      0.359764    0.005299 
564.722      0.350226    0.005571 
570.397      0.351915    0.005681 
576.13       0.362967    0.00567  
581.92       0.374389    0.005834 
587.769      0.365011    0.006157 
593.676      0.374952    0.006379 
599.643      0.375348    0.006488 
