Literature data from D.C. Larson (1980)
MeV          Barns       Error(barns)
5.2344       7.23        0.10477
5.2552       7.2075      0.10424
5.2762       7.3667      0.10394
5.2972       7.2676      0.10312
5.3184       7.2435      0.10368
5.3397       7.3931      0.11072
5.3612       7.1524      0.11816
5.3827       7.1843      0.12007
5.4044       7.2845      0.11417
5.4263       7.248       0.10747
5.4482       7.1498      0.10469
5.4703       7.2866      0.10267
5.4926       7.1644      0.10073
5.5149       7.2571      0.10097
5.5374       7.2102      0.09971
5.5601       7.0151      0.09879
5.5829       6.969       0.09857
5.6058       6.9459      0.09730
5.6289       7.0782      0.09713
5.6521       6.8731      0.09569
5.6754       6.9837      0.09582
5.6989       7.0013      0.09537
5.7226       6.9279      0.09398
5.7464       6.7405      0.09345
5.7703       6.7781      0.09229
5.7944       6.7552      0.09242
5.8187       6.7062      0.0919 
5.8431       6.6832      0.09187
5.8676       6.7667      0.09138
5.8923       6.6863      0.09083
5.9172       6.7108      0.09117
5.9422       6.675       0.09025
5.9674       6.5244      0.09001
5.9927       6.5581      0.08945
6.0182       6.6134      0.08981
6.0439       6.5831      0.08955
6.0698       6.622       0.08946
6.0958       6.5929      0.08959
6.1219       6.4165      0.08916
6.1483       6.5679      0.09020
6.1748       6.3237      0.08997
6.2015       6.3765      0.09281
6.2283       6.4357      0.09866
6.2554       6.4337      0.11099
6.2826       6.4721      0.12416
6.31         6.266       0.12338
6.3375       6.1912      0.10831
6.3653       6.2228      0.09521
6.3932       6.2726      0.08772
6.4213       6.1314      0.08301
6.4496       6.2719      0.08168
6.4781       6.2854      0.08069
6.5068       6.177       0.07832
6.5357       6.1537      0.07525
6.5648       6.1431      0.07224
6.594        6.2244      0.07006
6.6235       6.1032      0.06957
6.6531       6.1269      0.07030
6.683        6.0387      0.07035
6.7131       6.0742      0.07007
6.7433       6.057       0.06963
6.7738       6.0223      0.06896
6.8045       5.997       0.06808
6.8354       5.9744      0.06767
6.8665       5.9833      0.06702
6.8978       6.053       0.06655
6.9293       5.9376      0.06572
6.961        5.973       0.06532
6.993        5.9337      0.06486
7.0252       5.8656      0.06435
7.0576       5.9433      0.06434
7.0903       5.8372      0.06387
7.1231       5.8001      0.06383
7.1562       5.7649      0.06427
7.1895       5.8043      0.06538
7.2231       5.8355      0.06737
7.2569       5.8026      0.07103
7.2909       5.8002      0.07662
7.3252       5.7263      0.08446
7.3597       5.7153      0.09117
7.3945       5.5982      0.09339
7.4295       5.6125      0.09376
7.4648       5.6361      0.09292
7.5003       5.5885      0.09189
7.5361       5.5601      0.09153
7.5721       5.7638      0.09106
7.6084       5.6051      0.09102
7.6449       5.571       0.09204
7.6817       5.7384      0.09747
7.7188       5.6139      0.10393
7.7562       5.5827      0.10836
7.7938       5.7771      0.10756
7.8317       5.584       0.10308
7.8699       5.4629      0.09908
7.9084       5.4184      0.09642
7.9471       5.4999      0.09426
7.9861       5.5066      0.09272
8.0255       5.3415      0.09192
8.0651       5.3498      0.09160
8.105        5.483       0.08992
8.1452       5.529       0.08614
8.1857       5.3119      0.07989
8.2265       5.4475      0.07507
8.2677       5.4589      0.07176
8.3091       5.3091      0.06898
8.3508       5.2156      0.06651
8.3929       5.4616      0.06628
8.4353       5.4439      0.06525
8.478        5.4919      0.06452
8.521        5.3905      0.06379
8.5644       5.3447      0.06355
8.6081       5.2744      0.06266
8.6521       5.3772      0.06237
8.6965       5.3529      0.06230
8.7412       5.3551      0.06219
8.7863       5.2917      0.06163
8.8317       5.3398      0.06154
8.8774       5.4239      0.06189
8.9236       5.2932      0.06180
8.9701       5.2139      0.06203
9.0169       5.2728      0.06300
9.0641       5.2569      0.06365
9.1118       5.2364      0.06502
9.1597       5.1262      0.06543
9.2081       5.1854      0.06574
9.2568       5.3005      0.06620
9.306        5.2647      0.06598
9.3555       5.2574      0.06525
9.4054       5.3458      0.06453
9.4558       5.2162      0.06394
9.5065       5.0722      0.06274
9.5576       5.2331      0.06256
9.6092       5.1883      0.06235
9.6612       5.2236      0.06225
9.7136       5.2305      0.06184
9.7665       5.3156      0.06174
9.8197       5.1273      0.06110
9.8735       5.2547      0.06045
9.9276       5.2634      0.05949
9.9822       5.0914      0.05863
10.037       5.1537      0.05813
10.093       5.2386      0.05822
10.149       5.2212      0.05787
10.205       5.2048      0.05721
10.262       5.2378      0.05748
10.32        5.2008      0.05731
10.377       5.1752      0.05728
10.436       5.0597      0.05778
10.495       5.1583      0.05861
10.554       5.1798      0.05904
10.614       5.1626      0.05955
10.674       5.2169      0.06029
10.735       5.1584      0.06048
10.797       5.111       0.06123
10.859       5.1857      0.06167
10.921       5.3362      0.06215
10.984       5.1894      0.06200
11.048       5.1202      0.06156
11.112       5.2381      0.06132
11.177       5.0837      0.06096
11.242       5.2054      0.06064
11.308       5.1584      0.06970
11.375       5.1696      0.07187
11.442       5.128       0.07123
11.509       5.0537      0.07033
11.578       5.2563      0.06998
11.647       5.1982      0.0695 
11.716       5.1734      0.06951
11.786       5.0354      0.06911
11.857       5.1949      0.07019
11.928       5.2254      0.07111
12.001       5.159       0.07284
12.073       5.1532      0.07343
12.147       5.091       0.07263
12.221       5.1682      0.07197
12.295       5.1203      0.07079
12.371       5.2274      0.07009
12.447       5.2753      0.06888
12.524       5.3248      0.06894
12.601       5.3087      0.06923
12.68        5.262       0.06933
12.759       5.2578      0.07006
12.839       5.3399      0.07073
12.919       5.3154      0.07155
13.          5.3327      0.07180
13.083       5.2851      0.07202
13.165       5.3591      0.07153
13.249       5.3293      0.07136
13.334       5.3675      0.07120
13.419       5.2997      0.07057
13.505       5.425       0.07070
13.592       5.4083      0.07031
13.68        5.3331      0.07025
13.768       5.3841      0.06991
13.858       5.4014      0.06942
13.948       5.3456      0.06851
14.04        5.4885      0.06878
14.132       5.5101      0.06884
14.225       5.4892      0.06882
14.319       5.4095      0.06874
14.414       5.5749      0.06897
14.51        5.5639      0.06974
14.607       5.5015      0.07034
14.705       5.5286      0.07112
14.804       5.5607      0.07109
14.904       5.4679      0.07082
15.005       5.4266      0.07115
15.107       5.4632      0.07142
15.21        5.659       0.07282
15.314       5.5436      0.07358
15.419       5.6855      0.07483
15.525       5.6106      0.07516
15.633       5.576       0.07621
15.741       5.7243      0.07724
15.851       5.7091      0.07783
15.962       5.6938      0.07827
16.074       5.6608      0.07793
16.187       5.7125      0.0775 
16.301       5.7258      0.07669
16.417       5.7507      0.07607
16.534       5.8155      0.07543
16.652       5.7227      0.07482
16.771       5.7222      0.07449
16.892       5.7315      0.07435
17.014       5.8464      0.07408
17.137       5.8728      0.07394
17.262       5.9331      0.07382
17.388       5.7396      0.07293
17.516       5.7133      0.07251
17.645       5.8858      0.07300
17.775       5.8288      0.07249
17.907       5.829       0.07234
18.04        5.7251      0.07211
18.175       5.834       0.07237
18.311       5.7514      0.07227
18.449       5.7942      0.07204
18.589       5.9767      0.07234
18.73        5.9253      0.07249
18.873       5.8247      0.07206
19.017       5.895       0.07234
19.163       5.9142      0.07261
19.311       6.0511      0.07302
19.46        5.8908      0.07300
19.612       5.891       0.07223
19.765       5.8677      0.07161
19.92        5.961       0.07126
20.076       5.8595      0.07012
20.235       5.8767      0.06949
20.395       5.9148      0.06863
20.558       5.8473      0.06756
20.722       5.8302      0.06704
20.889       5.8384      0.06627
21.057       5.8733      0.06611
21.228       5.87        0.06583
21.4         5.9163      0.06571
21.575       5.833       0.06511
21.752       5.801       0.06463
21.931       5.7711      0.06416
22.113       5.7718      0.06366
22.296       5.7736      0.06369
22.482       5.8941      0.06385
22.671       5.8059      0.06358
22.862       5.8823      0.06365
23.055       5.7796      0.06403
23.25        5.7356      0.06362
23.449       5.6196      0.06326
23.65        5.7298      0.06351
23.853       5.7434      0.06347
24.059       5.5756      0.06294
24.268       5.685       0.06326
24.48        5.6096      0.06314
24.694       5.6972      0.06330
24.911       5.7292      0.06327
25.132       5.5916      0.06308
25.355       5.5434      0.06293
25.581       5.687       0.06313
25.81        5.591       0.06313
26.043       5.6552      0.06285
26.278       5.5669      0.06265
26.517       5.5703      0.06281
26.759       5.5616      0.06269
27.005       5.533       0.06259
27.254       5.3899      0.06262
27.507       5.512       0.06292
27.763       5.4944      0.06320
28.023       5.4119      0.06286
28.286       5.4555      0.06304
28.553       5.2359      0.06260
28.825       5.2844      0.06328
29.1         5.2069      0.06307
29.379       5.1665      0.06290
29.662       5.1731      0.06281
29.949       5.1292      0.06300
30.241       5.1987      0.06340
30.537       5.1898      0.06339
30.838       5.2365      0.06383
31.143       5.1445      0.06385
31.452       4.9834      0.06385
31.766       4.9689      0.06386
32.085       5.015       0.06399
32.409       5.0172      0.06428
32.738       4.8621      0.06423
33.073       4.8831      0.06444
33.412       4.8668      0.06469
33.757       4.8303      0.06500
34.107       4.7635      0.06514
34.463       4.8537      0.06541
34.824       4.7375      0.06543
35.192       4.6468      0.06565
35.565       4.7727      0.06639
35.945       4.6326      0.06640
36.33        4.6768      0.06687
36.722       4.5579      0.06687
37.12        4.5576      0.06699
37.525       4.6436      0.06796
37.937       4.4837      0.06802
38.356       4.59        0.06851
38.782       4.5696      0.06885
39.215       4.5183      0.06946
39.656       4.4739      0.06995
40.104       4.39        0.07028
40.56        4.437       0.07105
41.025       4.4103      0.07138
41.497       4.3792      0.07189
41.977       4.3447      0.07236
42.467       4.3827      0.07291
42.965       4.3808      0.07373
43.472       4.354       0.07470
43.988       4.3314      0.07515
44.514       4.3562      0.076  
45.049       4.4084      0.07678
45.595       4.3782      0.07751
46.151       4.294       0.07867
46.717       4.39        0.07958
47.294       4.341       0.08029
47.882       4.4454      0.08119
48.481       4.2311      0.08213
49.092       4.3822      0.08352
49.714       4.4182      0.08503
50.349       4.3106      0.08622
50.997       4.5251      0.08748
51.657       4.3616      0.08839
52.331       4.3956      0.08969
53.018       4.4528      0.09179
53.72        4.4264      0.09229
54.435       4.4059      0.09436
55.166       4.4377      0.09676
55.912       4.7244      0.09873
56.673       4.2984      0.09947
57.451       4.4703      0.10238
58.245       4.5816      0.1042 
59.056       4.5623      0.10593
59.885       4.569       0.1089 
60.733       4.6643      0.11151
61.598       4.5846      0.1137 
62.483       4.6041      0.11695
63.388       4.6064      0.11917
64.313       4.6826      0.12416
65.26        4.7127      0.12797
66.228       4.8839      0.1306 
67.218       4.7528      0.134  
68.232       4.7931      0.1395 
69.27        4.8931      0.14362
70.332       4.5703      0.14603
71.42        4.8207      0.15338
72.535       4.8268      0.15782
73.676       4.9824      0.16575
74.846       5.0986      0.17249
76.045       5.0103      0.18089
77.275       4.824       0.18397
78.535       4.8918      0.19282
79.828       4.6577      0.2009 
