Literature data from C. M. Perey (1993)
Ni-58 (n,tot)
MeV       Barns       Error(Barns)
67.481    3.0095      0.55096      
65.905    2.5393      0.47483      
64.387    2.497       0.43825      
62.921    2.4418      0.43107      
61.507    2.0521      0.42118      
60.142    2.2332      0.39707      
58.822    2.4665      0.37355      
57.547    2.4995      0.36383      
56.770    2.3939      0.69667      
56.465    2.6961      0.70091      
56.161    2.0501      0.69924      
55.861    3.6767      0.70156      
55.563    2.9838      0.67461      
55.267    2.0672      0.67227      
54.974    3.354       0.66709      
54.683    2.3033      0.63226      
54.394    1.3617      0.66957      
54.108    2.0984      0.62109      
53.825    3.3879      0.67856      
53.543    .14621      0.65172      
53.264    3.2497      0.64618      
52.987    2.809       0.62247      
52.712    1.64        0.62825      
52.439    1.5055      0.61331      
52.169    1.1403      0.62377      
51.907    1.921       0.59554      
51.634    1.8788      0.58167      
51.370    2.763       0.59487      
51.108    3.1772      0.58824      
50.848    2.7581      0.57146      
50.590    2.7474      0.58227      
50.334    1.9495      0.55418      
50.080    2.7711      0.57701      
49.828    2.8686      0.55326      
49.578    1.9304      0.55081      
49.330    2.0532      0.56441      
49.084    2.6889      0.53794      
48.840    2.0689      0.52021      
48.238    2.1126      0.26479      
47.297    1.9053      0.25657      
46.384    1.5636      0.25287      
45.498    1.9699      0.24422      
44.638    2.2901      0.23993      
43.802    2.2055      0.23153      
42.990    2.0803      0.2298       
42.201    1.9524      0.22165      
41.623    2.0165      0.31342      
41.245    1.9882      0.30688      
40.872    2.2854      0.29769      
40.504    2.1415      0.30901      
40.141    2.1925      0.29864      
39.783    2.7149      0.29514      
39.430    2.3002      0.29288      
39.082    2.8751      0.28958      
38.739    2.1975      0.28499      
38.407    1.9804      0.29133      
38.066    2.3426      0.28295      
37.736    2.1412      0.27545      
37.410    2.0046      0.27359      
37.089    2.1421      0.27656      
36.772    1.5891      0.26765      
36.459    2.176       0.2757       
35.771    2.1385      0.14172      
34.737    1.9527      0.14015      
33.748    2.0929      0.13636      
32.802    2.0113      0.13324      
31.895    1.9113      0.13062      
31.027    2.2837      0.12618      
30.193    2.0818      0.12221      
29.394    2.3331      0.11835      
28.626    2.0798      0.11504      
27.888    1.855       0.11386      
27.179    2.0649      0.10997      
26.497    2.1745      0.10691      
25.840    2.0924      0.1035       
25.208    2.085       0.10111      
24.599    2.2458      0.098289     
24.013    2.0775      0.094778     
23.447    2.2589      0.092467     
22.901    2.2192      0.089054     
22.375    2.1931      0.086629     
21.866    1.9969      0.083897     
21.375    2.1332      0.08149      
20.907    2.3259      0.079586     
20.441    2.1069      0.078053     
19.998    2.2912      0.076043     
19.568    2.1866      0.073632     
19.153    2.2659      0.072819     
18.751    2.3319      0.070356     
18.361    2.173       0.06862      
17.983    2.3674      0.067199     
17.618    2.3481      0.06122      
17.263    2.3682      0.057279     
16.919    2.4872      0.05606      
16.585    2.369       0.054463     
16.261    2.3901      0.053232     
15.947    2.5312      0.052154     
15.642    2.525       0.051759     
15.345    2.5469      0.051024     
15.057    2.5645      0.050393     
14.777    2.609       0.049198     
14.505    2.6476      0.047776     
14.240    2.6082      0.047553     
13.983    2.6969      0.047247     
13.732    2.7626      0.045737     
13.488    2.7246      0.045021     
13.251    2.7846      0.044391     
13.020    2.8177      0.043346     
12.795    2.8358      0.042781     
12.576    2.8634      0.042289     
12.362    2.9063      0.041248     
12.154    2.9115      0.039667     
11.951    2.8559      0.039612     
11.753    2.9836      0.039968     
11.560    2.9677      0.039129     
11.372    3.0271      0.037969     
11.188    3.0002      0.03716      
11.009    3.0544      0.036323     
10.834    3.1162      0.035644     
10.664    3.1591      0.035522     
10.497    3.1543      0.035356     
10.334    3.1516      0.035018     
10.175    3.2017      0.034458     
10.020    3.1891      0.033538     
9.868     3.2796      0.032845     
9.719     3.1935      0.031092     
9.574     3.2736      0.028668     
9.432     3.2917      0.027695     
9.294     3.2865      0.026807     
9.158     3.3028      0.026365     
9.025     3.2674      0.026364     
8.896     3.3255      0.026449     
8.769     3.3451      0.026512     
8.644     3.3676      0.026183     
8.523     3.3672      0.025992     
8.404     3.3916      0.025613     
8.287     3.4477      0.025231     
8.218     3.376       0.055353     
8.196     3.5095      0.054819     
8.173     3.4253      0.054185     
8.150     3.3844      0.053539     
8.128     3.3826      0.052747     
8.106     3.472       0.052474     
8.083     3.555       0.051748     
8.061     3.5273      0.051402     
8.039     3.4689      0.0513       
8.017     3.4375      0.051219     
7.915     3.3509      0.13392      
7.896     3.608       0.13441      
7.878     3.5261      0.1337       
7.860     3.4618      0.13166      
7.841     3.6424      0.13185      
7.760     3.4741      0.046988     
7.715     3.2096      0.12316      
7.698     3.5196      0.12653      
7.680     3.4833      0.12701      
7.663     3.7966      0.12728      
7.645     3.3811      0.12835      
7.627     3.4508      0.12835      
7.494     3.4993      0.041188     
7.327     3.5111      0.045166     
7.165     3.5337      0.044968     
7.009     3.4999      0.044066     
6.858     3.571       0.043584     
6.712     3.518       0.043299     
6.570     3.6385      0.044541     
6.488     3.6899      0.13626      
6.475     3.5609      0.13706      
6.461     3.7343      0.13577      
6.447     3.4356      0.13549      
6.434     3.818       0.13607      
6.420     3.6415      0.13684      
6.407     3.611       0.13631      
6.394     3.5247      0.13629      
6.380     3.7553      0.13498      
6.367     3.9014      0.13352      
6.354     3.8384      0.13023      
6.340     3.7213      0.12952      
6.327     3.8631      0.12789      
6.301     3.4793      0.12018      
6.288     3.9837      0.12048      
6.275     3.7072      0.12209      
6.262     3.7576      0.12393      
6.249     3.5068      0.12797      
6.236     3.502       0.12808      
6.223     3.9933      0.13071      
6.210     3.8275      0.13146      
6.197     3.6263      0.13015      
6.185     3.7158      0.1311       
6.172     3.7806      0.13151      
6.159     3.6055      0.13132      
6.147     3.8912      0.13292      
6.134     3.8586      0.13387      
6.122     3.7803      0.13125      
6.109     3.5159      0.13251      
6.097     3.8145      0.13172      
6.084     3.4783      0.13233      
6.072     3.5141      0.13316      
6.059     3.7542      0.13365      
6.047     3.6437      0.13386      
6.035     3.5956      0.13433      
6.023     3.6384      0.13404      
6.010     3.7904      0.13324      
5.998     3.4628      0.13454      
5.986     3.6738      0.13489      
5.974     3.734       0.13462      
5.962     3.5813      0.1346       
5.950     3.6735      0.13493      
5.938     3.6025      0.13643      
5.926     3.7849      0.13872      
5.914     3.8305      0.1371       
5.902     3.7946      0.1363       
5.890     3.8186      0.13789      
5.878     3.6026      0.1357       
5.867     3.6392      0.13578      
5.855     3.5125      0.13598      
5.843     3.6315      0.13578      
5.832     3.7028      0.13733      
5.820     3.7233      0.13737      
5.808     3.7142      0.13707      
5.797     3.6819      0.1351       
5.785     3.5576      0.13542      
5.774     3.5133      0.13569      
5.762     3.4121      0.13492      
5.751     3.9984      0.1375       
5.739     3.8187      0.13577      
5.728     3.6674      0.13761      
5.717     3.4639      0.13782      
5.705     3.7938      0.13637      
5.694     3.821       0.13697      
5.683     3.7616      0.13807      
5.672     3.6699      0.14062      
5.661     3.4617      0.13635      
5.650     3.5521      0.13619      
5.638     3.3777      0.13686      
5.627     3.4739      0.13438      
5.616     3.4751      0.13617      
5.605     3.7047      0.13872      
5.594     3.595       0.13822      
5.583     3.4146      0.13775      
5.573     3.4944      0.13492      
5.562     3.6315      0.13823      
5.551     4.0284      0.13726      
5.540     3.5072      0.13719      
5.529     3.512       0.13699      
5.519     3.8087      0.13731      
5.508     3.3188      0.13476      
5.497     3.5648      0.13853      
5.487     3.4054      0.13713      
5.476     3.7662      0.13815      
5.465     3.7185      0.13822      
5.455     4.0115      0.13872      
5.444     3.4167      0.13872      
5.434     3.4561      0.13796      
5.423     3.6457      0.13775      
5.413     3.7639      0.13861      
5.402     3.785       0.14007      
5.392     3.6492      0.13856      
5.382     3.8543      0.13948      
5.371     3.7274      0.13753      
5.361     3.5398      0.1373       
5.351     3.7208      0.14156      
5.341     3.5464      0.14194      
5.331     3.8379      0.14285      
5.320     3.4836      0.14022      
5.310     3.3975      0.14016      
5.300     3.9905      0.14173      
5.290     3.5645      0.1409       
5.280     3.9154      0.14325      
5.270     3.8214      0.14115      
5.260     3.8854      0.14251      
5.250     3.7803      0.14245      
5.240     3.937       0.14314      
5.230     3.5166      0.14136      
5.220     3.8838      0.14302      
5.210     3.8025      0.14177      
5.201     3.6951      0.14109      
5.191     3.9539      0.14076      
5.181     3.5595      0.14158      
5.171     3.5267      0.13935      
5.162     3.1824      0.13819      
5.152     3.7593      0.14223      
5.142     3.685       0.13979      
5.133     3.9972      0.14271      
5.123     3.8494      0.14429      
5.113     3.5536      0.14302      
5.104     3.3621      0.13927      
5.094     3.8245      0.14181      
5.085     3.7803      0.14227      
5.075     3.5978      0.14235      
5.066     3.607       0.14082      
5.057     3.4804      0.13945      
5.047     3.7239      0.1416       
5.038     3.1305      0.13738      
5.028     3.8386      0.13983      
5.019     3.6608      0.14287      
5.010     3.8862      0.14152      
5.001     3.6914      0.1417       
4.991     3.6213      0.14011      
4.982     3.7737      0.14143      
4.973     3.5869      0.13979      
4.964     3.2408      0.13866      
4.955     3.6413      0.13991      
4.946     3.4013      0.13749      
4.937     3.6498      0.13761      
4.927     3.4098      0.13967      
4.918     3.3358      0.13911      
4.909     4.0475      0.14449      
4.900     3.863       0.14034      
4.892     3.2176      0.1392       
4.883     3.5917      0.14102      
4.874     3.3255      0.13981      
4.865     3.5318      0.14061      
4.856     3.3057      0.13985      
4.847     3.4994      0.14221      
4.838     3.5492      0.13994      
4.830     3.33        0.14074      
4.821     3.8001      0.14155      
4.812     3.4954      0.14037      
4.803     3.2477      0.13816      
4.795     3.2969      0.13934      
4.786     3.5091      0.13997      
4.777     3.3644      0.14027      
4.769     3.4793      0.13866      
4.760     3.5067      0.14086      
4.751     3.5604      0.1402       
4.743     3.6915      0.14143      
4.734     4.0771      0.14278      
4.726     3.6699      0.14119      
4.717     3.7225      0.14029      
4.709     3.3383      0.13976      
4.701     3.3224      0.1396       
4.692     3.5808      0.13963      
4.684     3.4142      0.13942      
4.675     3.6468      0.14124      
4.667     3.2305      0.13997      
4.659     3.4938      0.14008      
4.650     3.4988      0.13925      
4.642     3.6041      0.14048      
4.634     3.6023      0.14         
4.626     3.319       0.14009      
4.617     3.9007      0.14117      
4.609     3.4118      0.13691      
4.601     3.7734      0.13933      
4.593     3.5022      0.13885      
4.585     3.4537      0.14022      
4.577     3.5225      0.13987      
4.569     3.3483      0.13701      
4.561     3.4448      0.1386       
4.553     3.7471      0.14113      
4.544     3.2632      0.13886      
4.536     3.6317      0.13968      
4.529     3.4614      0.1405       
4.521     3.7586      0.13943      
4.513     3.98        0.14223      
4.505     3.6249      0.13858      
4.497     3.674       0.14025      
4.489     4.1339      0.14387      
4.481     3.4743      0.1422       
4.473     3.6112      0.14138      
4.465     3.5484      0.1432       
4.458     3.5553      0.14299      
4.450     3.3436      0.14008      
4.442     3.6083      0.14067      
4.434     3.8452      0.13996      
4.427     3.2661      0.13779      
4.419     3.8262      0.1425       
4.411     3.609       0.14019      
4.404     3.6378      0.14085      
4.396     3.623       0.14088      
4.388     3.7534      0.14208      
4.381     3.4458      0.13996      
4.373     3.56        0.13867      
4.366     3.3802      0.13944      
4.358     3.6872      0.14097      
4.351     3.3728      0.14114      
4.343     3.8811      0.14547      
4.336     3.855       0.14261      
4.328     3.164       0.13975      
4.321     3.5912      0.13971      
4.313     3.2409      0.13785      
4.306     3.7146      0.13952      
4.299     2.7653      0.1335       
4.291     3.5155      0.13765      
4.284     3.4893      0.13755      
4.277     3.338       0.13616      
4.269     3.8481      0.13979      
4.262     3.7523      0.13909      
4.255     3.8964      0.13853      
4.248     3.0857      0.13553      
4.240     3.3328      0.13462      
4.233     3.6659      0.13592      
4.226     3.3897      0.13394      
4.219     3.4254      0.13471      
4.212     3.8922      0.13724      
4.205     3.3872      0.13308      
4.197     3.4104      0.13475      
4.190     3.2717      0.13102      
4.183     3.6898      0.13481      
4.176     3.4324      0.13417      
4.169     3.066       0.13123      
4.162     3.4089      0.13377      
4.155     3.1239      0.13142      
4.148     3.2599      0.13179      
4.141     3.6048      0.13561      
4.134     3.6321      0.13464      
4.127     3.4824      0.13373      
4.120     3.2414      0.13298      
4.113     3.4413      0.13237      
4.107     3.6289      0.13254      
4.100     3.0561      0.13115      
4.093     3.8511      0.13417      
4.086     3.4729      0.13298      
4.079     3.422       0.13295      
4.072     3.2791      0.13282      
4.066     3.7399      0.13376      
4.059     3.556       0.13447      
4.052     3.8623      0.13608      
4.045     3.381       0.13507      
4.039     3.5922      0.13398      
4.032     3.3227      0.13358      
4.025     2.8987      0.1293       
4.019     3.3033      0.13331      
4.012     3.337       0.13247      
4.005     3.2245      0.13296      
3.999     3.4184      0.13473      
3.992     3.5399      0.13286      
3.986     3.5128      0.13332      
3.979     3.2315      0.13222      
3.972     3.3991      0.1341       
3.966     3.1608      0.13302      
3.959     3.5121      0.13434      
3.953     3.2531      0.13212      
3.946     3.7204      0.1336       
3.936     3.6828      0.13363      
3.929     3.3532      0.13162      
3.923     3.5749      0.13268      
3.916     3.0688      0.12789      
3.910     3.4525      0.13364      
3.904     3.7222      0.13249      
3.897     3.641       0.13126      
3.891     3.3859      0.13177      
3.885     3.4205      0.12996      
3.878     3.8052      0.13209      
3.872     3.2752      0.12943      
3.866     4.0879      0.13511      
3.859     3.7076      0.13204      
3.853     3.657       0.13183      
3.847     3.5642      0.13173      
3.841     3.2703      0.12977      
3.834     3.1569      0.12939      
3.828     3.3894      0.13027      
3.822     3.4025      0.12989      
3.816     3.3855      0.12929      
3.810     3.424       0.13013      
3.804     3.0732      0.13051      
3.797     3.5889      0.13247      
3.791     3.2122      0.1287       
3.785     3.8982      0.13306      
3.779     3.6212      0.13124      
3.773     3.4001      0.13183      
3.767     3.3366      0.13211      
3.761     3.4895      0.1316       
3.755     3.6356      0.13427      
3.749     3.7142      0.13201      
3.743     3.2112      0.12857      
3.737     2.8586      0.12703      
3.731     3.214       0.12824      
3.725     3.7292      0.12941      
3.719     3.5607      0.13001      
3.713     3.1832      0.1272       
3.707     2.9738      0.12635      
3.702     3.0363      0.12708      
3.696     3.1975      0.12783      
3.690     3.1662      0.12589      
3.684     3.4127      0.12925      
3.678     3.427       0.1272       
3.672     3.7893      0.13274      
3.666     3.8408      0.13255      
3.661     3.4415      0.12786      
3.655     3.3245      0.12818      
3.649     3.416       0.12726      
3.643     3.1744      0.12763      
3.638     3.3441      0.12841      
3.632     3.4674      0.12843      
3.626     3.1575      0.12599      
3.621     3.635       0.12941      
3.615     3.7287      0.12881      
3.609     3.5413      0.12771      
3.604     3.8372      0.12946      
3.598     3.572       0.12761      
3.592     3.2916      0.12593      
3.587     3.7356      0.12877      
3.581     3.5373      0.12791      
3.575     3.3352      0.12676      
3.570     3.9465      0.12882      
3.564     3.6353      0.12842      
3.559     3.2373      0.12565      
3.553     3.4599      0.12724      
3.548     3.6477      0.12768      
3.542     3.2812      0.12684      
3.537     3.5591      0.12619      
3.531     4.1263      0.12843      
3.526     4.024       0.13035      
3.520     3.1804      0.12575      
3.515     3.5623      0.12809      
3.509     3.5304      0.12675      
3.504     3.2083      0.12605      
3.499     3.7033      0.127        
3.493     3.9509      0.12979      
3.488     3.3128      0.12361      
3.482     3.4192      0.12582      
3.477     3.0354      0.12507      
3.472     3.4044      0.12558      
3.466     3.5844      0.12634      
3.461     3.5606      0.12749      
3.456     3.549       0.12891      
3.450     3.0885      0.12265      
3.445     3.1881      0.12457      
3.440     3.3833      0.12703      
3.435     3.5775      0.12518      
3.429     4.0195      0.12927      
3.424     2.4883      0.12122      
3.419     2.7503      0.12141      
3.414     2.9734      0.12319      
3.408     3.3923      0.12381      
3.403     3.051       0.12298      
3.398     3.8408      0.12735      
3.393     3.4141      0.12492      
3.388     3.1187      0.125        
3.383     4.0968      0.13018      
3.377     3.2297      0.12491      
3.372     3.3026      0.12425      
3.367     3.2905      0.12514      
3.362     3.4906      0.12447      
3.357     3.0925      0.12358      
3.352     2.9909      0.12424      
3.347     3.9572      0.12703      
3.342     3.2591      0.12445      
3.337     3.084       0.12284      
3.332     3.7833      0.12693      
3.327     4.0907      0.12705      
3.322     3.3492      0.12415      
3.317     3.2612      0.12221      
3.312     3.8543      0.12548      
3.307     3.0413      0.1231       
3.302     3.0863      0.12375      
3.297     3.3606      0.1244       
3.292     3.0982      0.12295      
3.287     3.5366      0.12525      
3.282     3.1245      0.12188      
3.277     2.9162      0.12136      
3.272     2.4352      0.11815      
3.267     3.6458      0.12635      
3.263     3.1534      0.12248      
3.258     3.2617      0.12451      
3.253     2.8886      0.12143      
3.248     3.4987      0.12404      
3.243     2.819       0.12098      
3.238     4.035       0.12588      
3.234     3.1025      0.12162      
3.229     3.2879      0.12335      
3.224     2.9278      0.12047      
3.219     3.0678      0.12228      
3.214     3.3146      0.12159      
3.210     3.7382      0.12581      
3.205     3.611       0.12362      
3.200     3.7855      0.12483      
3.196     3.1064      0.12134      
3.191     3.7949      0.12458      
3.186     2.8601      0.12037      
3.181     2.3823      0.11647      
3.176     2.7801      0.11706      
3.171     2.7667      0.11654      
3.167     3.2157      0.11936      
3.162     2.7791      0.11823      
3.157     3.2224      0.11888      
3.153     3.6146      0.12292      
3.148     3.4626      0.12182      
3.144     2.9124      0.1181       
3.139     3.3706      0.12156      
3.134     2.5398      0.11539      
3.130     3.2579      0.11941      
3.125     3.3211      0.12016      
3.121     2.8305      0.11843      
3.116     3.2245      0.12027      
3.112     3.1314      0.12012      
3.107     2.9843      0.1195       
3.103     2.4326      0.11677      
3.098     2.8387      0.11925      
3.094     2.987       0.12084      
3.089     3.4128      0.12063      
3.085     2.9299      0.11909      
3.080     2.5596      0.11716      
3.076     3.4294      0.12268      
3.071     3.0497      0.12037      
3.067     3.0953      0.11984      
3.062     3.4021      0.12147      
3.058     3.9687      0.12557      
3.053     2.7828      0.11946      
3.049     3.26        0.12195      
3.045     3.9539      0.12514      
3.040     2.7158      0.11882      
3.036     3.0162      0.11819      
3.032     2.8469      0.11899      
3.027     3.2092      0.12093      
3.023     2.7142      0.11717      
3.019     3.7154      0.12506      
3.014     3.4633      0.12136      
3.010     2.9947      0.11891      
3.006     4.249       0.12539      
3.001     3.2508      0.12138      
2.997     3.4705      0.1209       
2.992     2.9895      0.082938     
2.986     3.1063      0.1179       
2.982     3.5132      0.12014      
2.978     3.9751      0.12157      
2.974     4.9995      0.12705      
2.969     4.0812      0.12264      
2.965     3.1442      0.11457      
2.961     3.0922      0.11627      
2.957     2.8895      0.11558      
2.953     2.8614      0.11481      
2.948     2.3075      0.11105      
2.944     2.8087      0.11278      
2.940     3.6303      0.11607      
2.936     3.0032      0.11498      
2.932     2.7109      0.1122       
2.928     3.1338      0.11407      
2.923     3.3457      0.11594      
2.919     3.8896      0.11789      
2.915     3.9361      0.11862      
2.911     2.983       0.11453      
2.907     3.8513      0.11838      
2.903     3.2583      0.11232      
2.899     3.6493      0.11669      
2.895     3.6181      0.116        
2.891     3.438       0.11498      
2.887     2.5597      0.11103      
2.883     3.9179      0.11791      
2.879     3.2687      0.11411      
2.875     4.0591      0.11737      
2.871     4.4184      0.11904      
2.866     2.6426      0.11147      
2.862     2.9534      0.11322      
2.859     3.4496      0.11461      
2.855     3.5495      0.11564      
2.851     3.1319      0.11264      
2.847     2.7852      0.11081      
2.843     2.9439      0.11207      
2.839     2.5161      0.11098      
2.835     2.8017      0.11002      
2.831     3.3979      0.11494      
2.827     3.0714      0.11276      
2.823     4.0343      0.11704      
2.819     3.7932      0.11481      
2.815     3.7347      0.11414      
2.811     4.006       0.11612      
2.807     4.2721      0.11862      
2.803     3.2363      0.11168      
2.800     3.0584      0.11163      
2.796     2.6736      0.11061      
2.792     2.8922      0.11348      
2.788     3.8533      0.11722      
2.784     3.3388      0.1153       
2.780     2.7557      0.11114      
2.777     3.1184      0.11356      
2.773     4.0236      0.11854      
2.769     4.2719      0.1175       
2.765     3.048       0.11023      
2.761     3.2487      0.1119       
2.758     2.6198      0.10816      
2.754     2.8248      0.10861      
2.750     3.3845      0.1125       
2.746     3.8354      0.11388      
2.742     3.322       0.11212      
2.739     2.8976      0.11068      
2.735     3.6103      0.11338      
2.731     3.5786      0.11383      
2.728     3.7861      0.11564      
2.724     3.3552      0.11155      
2.720     3.2155      0.11027      
2.716     2.9878      0.10918      
2.713     2.6995      0.10718      
2.709     2.4065      0.10599      
2.705     2.7006      0.10998      
2.702     4.5827      0.11886      
2.698     2.5068      0.10646      
2.694     1.9444      0.10423      
2.691     3.227       0.1084       
2.687     3.3413      0.1102       
2.683     4.4941      0.11584      
2.680     2.5617      0.10503      
2.676     3.1881      0.10838      
2.673     2.16        0.10441      
2.669     3.0036      0.10742      
2.665     3.2757      0.10887      
2.662     3.4293      0.10772      
2.658     2.9194      0.10554      
2.655     4.4081      0.115        
2.651     2.3224      0.10253      
2.648     2.4222      0.10238      
2.644     2.8152      0.10324      
2.639     2.7711      0.059763     
2.633     3.2926      0.1052       
2.630     3.9349      0.10779      
2.626     3.0336      0.10389      
2.623     2.7561      0.10283      
2.619     3.6289      0.10785      
2.616     3.1928      0.10412      
2.612     4.1357      0.10987      
2.609     4.0132      0.10817      
2.605     3.0285      0.10247      
2.602     3.2168      0.10473      
2.598     2.2914      0.10029      
2.595     2.8627      0.10306      
2.592     2.6553      0.10255      
2.588     3.4644      0.10604      
2.585     3.8645      0.10708      
2.581     2.4483      0.10107      
2.578     2.9063      0.10339      
2.574     2.6536      0.10121      
2.571     3.2521      0.10352      
2.568     3.3602      0.10501      
2.564     3.6329      0.10617      
2.561     3.6008      0.10395      
2.557     4.0123      0.10622      
2.554     4.0097      0.10622      
2.551     3.0857      0.1047       
2.547     3.5118      0.1055       
2.544     2.3169      0.09896      
2.541     2.9458      0.1023       
2.537     2.8213      0.10136      
2.534     2.936       0.10347      
2.531     3.8904      0.10701      
2.527     3.9744      0.10708      
2.524     2.6282      0.10125      
2.521     2.2918      0.099605     
2.517     4.0312      0.10681      
2.514     2.2832      0.097911     
2.511     2.7111      0.10002      
2.508     3.3556      0.10382      
2.504     2.5001      0.10022      
2.501     3.1929      0.10031      
2.498     3.5652      0.10237      
2.495     4.0684      0.10494      
2.491     3.1904      0.099945     
2.488     2.6514      0.09774      
2.485     2.0212      0.094843     
2.482     2.2695      0.095362     
2.478     2.2047      0.096079     
2.475     3.4138      0.10193      
2.472     3.6376      0.10192      
2.469     3.0821      0.098285     
2.466     3.2063      0.099932     
2.462     2.6765      0.097114     
2.459     3.3943      0.099531     
2.456     3.8028      0.10131      
2.453     3.6977      0.10071      
2.450     2.9656      0.098327     
2.446     3.285       0.099767     
2.443     4.0347      0.10376      
2.440     4.2334      0.10431      
2.437     3.5689      0.099925     
2.434     3.3044      0.097574     
2.431     3.0134      0.098428     
2.428     3.0574      0.096771     
2.425     2.8004      0.095717     
2.421     2.2639      0.092984     
2.418     2.8061      0.095869     
2.415     2.6875      0.096699     
2.412     3.6474      0.10005      
2.409     3.052       0.097582     
2.406     3.459       0.098688     
2.403     2.7594      0.095998     
2.400     4.6199      0.10516      
2.397     3.1794      0.098337     
2.394     1.9932      0.091334     
2.391     3.5796      0.099457     
2.388     2.8815      0.095555     
2.385     3.6052      0.099665     
2.381     2.5283      0.092876     
2.378     1.9541      0.093094     
2.375     2.0951      0.093049     
2.372     3.4925      0.097776     
2.369     2.8135      0.094933     
2.366     3.9934      0.1007       
2.363     3.7162      0.098988     
2.360     3.8525      0.097721     
2.357     3.0787      0.09436      
2.354     3.5458      0.09877      
2.351     3.3411      0.097111     
2.348     3.9378      0.099707     
2.345     2.1959      0.092083     
2.343     2.4782      0.092474     
2.340     3.1145      0.094618     
2.337     3.0285      0.093512     
2.334     5.0663      0.10328      
2.331     3.1133      0.093085     
2.328     2.6341      0.092238     
2.325     2.7592      0.092555     
2.322     3.5998      0.095261     
2.319     3.8735      0.097655     
2.316     2.9981      0.093255     
2.313     3.9864      0.097749     
2.310     4.8053      0.10335      
2.307     2.8424      0.093527     
2.305     2.4991      0.092263     
2.302     2.8365      0.094088     
2.299     4.3174      0.098896     
2.296     3.5225      0.094865     
2.293     2.4022      0.090008     
2.290     4.5396      0.099539     
2.287     3.3286      0.093387     
2.284     3.2098      0.092263     
2.282     2.4197      0.089512     
2.279     3.1893      0.094054     
2.276     2.7985      0.091378     
2.273     3.9091      0.096412     
2.270     3.2767      0.093512     
2.267     3.0941      0.092809     
2.265     3.6084      0.093471     
2.262     3.3522      0.09298      
2.259     3.8415      0.095656     
2.256     1.6931      0.086383     
2.253     4.0485      0.095315     
2.251     2.9822      0.091496     
2.248     3.1114      0.091501     
2.245     2.9636      0.091336     
2.242     3.3802      0.092292     
2.240     2.36        0.089407     
2.237     3.6351      0.093139     
2.234     3.5717      0.094212     
2.231     4.864       0.099296     
2.229     3.3117      0.091901     
2.226     2.7176      0.089868     
2.223     2.5454      0.089021     
2.220     2.4437      0.088058     
2.218     2.8781      0.089209     
2.215     3.2758      0.091277     
2.212     3.7636      0.093798     
2.209     3.3614      0.092274     
2.207     1.7961      0.085377     
2.204     2.5277      0.087997     
2.201     3.2411      0.09129      
2.199     3.4535      0.091664     
2.196     2.5435      0.088263     
2.193     3.521       0.091535     
2.191     3.0072      0.090051     
2.188     2.4965      0.087983     
2.185     4.2172      0.095716     
2.183     3.0498      0.089704     
2.180     4.2035      0.094152     
2.177     1.9094      0.084108     
2.175     2.3059      0.085892     
2.172     1.6322      0.083682     
2.169     2.2703      0.086053     
2.167     2.216       0.085126     
2.164     1.8369      0.084854     
2.161     3.1385      0.08891      
2.159     2.4675      0.086018     
2.156     1.9494      0.083964     
2.154     2.8585      0.088114     
2.151     3.4583      0.090049     
2.148     4.588       0.095808     
2.146     3.1791      0.088344     
2.143     3.8151      0.092255     
2.141     5.2616      0.098763     
2.138     3.8151      0.09168      
2.135     2.4618      0.085714     
2.133     3.9709      0.092327     
2.130     4.3499      0.095507     
2.128     3.7006      0.091793     
2.125     3.4253      0.089458     
2.123     4.2173      0.094193     
2.120     2.2269      0.085263     
2.118     3.2737      0.089564     
2.115     1.9085      0.084372     
2.112     1.7599      0.083512     
2.110     2.8162      0.086894     
2.107     4.0789      0.09215      
2.105     1.7393      0.083168     
2.102     1.9255      0.081837     
2.100     2.942       0.086355     
2.097     2.7695      0.086492     
2.095     3.3929      0.088635     
2.092     3.3571      0.086398     
2.090     2.4339      0.083955     
2.087     2.2768      0.083089     
2.085     3.7422      0.089162     
2.082     2.1452      0.082691     
2.080     3.0694      0.086232     
2.077     2.4118      0.083306     
2.075     1.9854      0.081228     
2.073     2.8264      0.085033     
2.070     4.0771      0.090404     
2.068     3.2883      0.08644      
2.065     3.3201      0.086699     
2.063     3.2768      0.088915     
2.060     4.5218      0.093295     
2.058     3.1904      0.087376     
2.055     3.8907      0.090134     
2.053     2.2262      0.082327     
2.051     3.107       0.086289     
2.048     3.1941      0.086042     
2.046     3.1169      0.085179     
2.043     3.8065      0.087498     
2.041     4.7484      0.092915     
2.039     2.4973      0.082826     
2.036     4.5939      0.091906     
2.034     4.0544      0.090569     
2.031     2.6318      0.084372     
2.029     2.601       0.084876     
2.027     4.0088      0.090934     
2.024     2.401       0.083898     
2.022     2.7002      0.083356     
2.019     3.5892      0.086893     
2.017     3.7175      0.087822     
2.015     2.865       0.083665     
2.012     2.2857      0.081567     
2.010     2.6665      0.082533     
2.008     2.7124      0.082531     
2.005     2.2398      0.080508     
2.001     2.5899      0.075733     
1.950     3.6021      0.076932     
1.900     2.7675      0.073421     
1.850     2.8184      0.051277     
1.800     5.296       0.081183     
1.750     3.1073      0.071985     
1.700     2.779       0.069208     
1.650     3.2947      0.072332     
1.600     2.0308      0.064821     
1.550     3.9195      0.070178     
1.500     3.7657      0.06914      
1.450     2.9616      0.068768     
1.400     1.3859      0.062882     
1.350     7.1422      0.082669     
1.300     2.7499      0.065028     
1.250     2.6096      0.062872     
1.200     4.3335      0.067893     
1.150     2.597       0.064267     
1.150     2.6396      0.063883     
1.100     2.8485      0.045382     
1.050     2.379       0.03754      
1.000     3.8782      0.070981     
